WareId	WareName	WareType	nGenre	nDetailType	nParticular	nLevel	nSeries	nCurrencyType	nUseType	nOrgPrice	nWareUseStyle	nDiscount	nRecommend	timeSaleStart	timeSaleClose	DiscountStart	DiscountClose	dwTimeout	nTimeFrameStartSale	nTimeFrameEndSale	Consumed
1	Bạch Câu Hoàn	102	18	1	71	1	1	0		36								43200			100
2	Đại Bạch Câu Hoàn	102	18	1	71	2	1	0		180								43200			100
3	Cường Hiệu Bạch Câu Hoàn	102	18	1	71	3	1	0		540								43200			100
4	Thỏi vàng (đại)	102	18	1	118	2	1	0		100000								43200			0
5	Huyền Tinh Cấp 1	101	18	1	1	1	1	0		1								43200			0
6	Huyền Tinh Cấp 3	101	18	1	1	3	1	0		10								43200			0
7	Huyền Tinh Cấp 5	101	18	1	1	5	1	0		130								43200			0
8	Huyền Tinh thường (cấp 7)	101	18	1	1	7	1	0		1690								43200			0
9	Thỏi vàng	102	18	1	118	1	1	0		830			1					43200			0
10	Thùng rượu (5 bình)	102	18	1	189	1	1	0		30								43200			0
11	Thùng rượu (50 bình)	102	18	1	189	2	1	0		300			1					43200			0
12	Vô Hạn Truyền Tống Phù (1 tuần)	102	18	1	195	1	1	0	1	400			1					10080			0
13	Vô Hạn Truyền Tống Phù (1 tháng)	102	18	1	235	1	1	0	1	1500								43200			0
18	Vô Hạn Hồi Thành Phù (1 tuần)	102	18	1	23	1	1	0	1	200								10080			0
19	Vô Hạn Hồi Thành Phù (1 tháng)	102	18	1	234	1	1	0	1	750								43200			0
22	Càn Khôn Phù (10)	102	18	1	85	1	1	0		200			1					43200			0
24	Lệnh bài triệu hồi gia tộc	102	18	1	87	1	1	0		500			1					43200			0
25	Giấy phép bày bán	102	18	1	116	1	1	0		8								43200			100
26	Cửu Chuyển Tục Mệnh Hoàn	102	18	1	24	1	1	2		100			1								100
27	Lệnh Bài Hình Bộ	102	18	1	17	1	1	0		100								43200			100
28	Từ Bi Tâm Kinh	102	18	1	18	1	1	0		100								43200			100
29	Không Bạch Tâm Thư (sơ)	102	20	1	463	1	1	0		20								43200			100
30	Không Bạch Tâm Thư (trung)	102	20	1	464	1	1	0		60								43200			100
31	Không Bạch Tâm Thư (cao)	102	20	1	465	1	1	0		180								43200			100
32	Kim Tê (cấp 4)	102	18	1	2	4	1	0		2900								43200			0
33	Kim Tê (cấp 3)	102	18	1	2	3	1	0		300			1					43200			0
35	Lệnh bài Tẩy Tủy Đảo	102	18	1	79	1	1	0		200								43200			100
36	Mã bài (Đại Uyển Mã)	102	1	12	15	2	1	0	1	120								43200			0
37	Mã bài (Ô Truy)	102	1	12	16	2	1	0	1	120								43200			0
38	Chứng nhận di dân	102	18	1	117	1	1	0		200								43200			0
40	Tinh Khí Tán (500)	102	18	1	89	1	1	0		40			1					43200			0
41	Tinh Khí Tán (10.000)	102	18	1	89	2	1	0		20000			1					0			0
42	Tinh Khí Tán (1500)	102	18	1	89	3	1	0		215			1					43200			0
43	Hoạt Khí Tán (500)	102	18	1	90	1	1	0		40			1					43200			0
44	Hoạt Khí Tán (10.000)	102	18	1	90	2	1	0		20000			1					0			0
45	Hoạt Khí Tán (1500)	102	18	1	90	3	1	0		215			1					43200			0
46	Thiên Nhãn Phù	102	18	1	206	1	1	0		500								43200			0
47	Túi phúc lợi tinh khí (500)	102	18	1	207	1	1	0		80								43200			0
48	Túi phúc lợi hoạt khí (500)	102	18	1	208	1	1	0		80								43200			0
49	Lệnh bài chúc phúc (sơ)	103	18	1	212	1	1	0		1600								43200			100
50	Lệnh bài chúc phúc (trung)	103	18	1	212	2	1	0		12650								43200			100
51	Huyền Tinh vô hạ (cấp 9)	101	18	1	1	9	1	0		28800								43200			0
52	Đặc Hiệu Bạch Câu Hoàn	102	18	1	71	4	1	0		1480								43200	53	100000	100
53	Cửu Chuyển Tục Mệnh Hoàn (tự động sử dụng)	102	18	1	218	1	1	0		50	2							43200			100
54	Dây cương thần bí	102	18	1	237	1	0	0	1	820		80						43200	67	100000	100
55	Võ Lâm Mật Tịch (trung)	102	18	1	191	2	0	0		4500		80						43200	67	100000	100
56	Tẩy Tủy Kinh (trung)	102	18	1	192	2	0	0		4500		80						43200	67	100000	100
57	Lệnh Bài Nghĩa Quân	103	18	1	84	1	0	0		50								43200			100
58	Lệnh bài thi đấu môn phái (sơ)	103	18	1	81	1	0	0		10000								43200			100
59	Lệnh Bài Bạch Hổ Đường (sơ)	103	18	1	111	1	0	0		500							43200			100	
60	Lệnh Bài Gia Tộc (sơ)	103	18	1	110	1	0	0		10000								43200			100
61	Lệnh bài chiến trường (Dương Châu)	103	18	1	112	1	0	0		45								43200			100
62	Lệnh bài chiến trường (Phượng Tường)	103	18	1	112	2	0	0		85								43200			100
63	Câu Hồn Ngọc (cao)	102	18	1	146	3	0	0		12000								43200	81	100000	0
64	Lệnh bài Uy danh giang hồ	103	18	1	236	1	0	0		1000								43200			100
65	Dị Mã Phù	102	18	1	238	1	0	0		288								43200			100
66	Rương Hồn Thạch (100 cái)	101	18	1	244	1	0	0		2000			1					43200			0
67	Rương Hồn Thạch (1000 cái)	101	18	1	244	2	0	0		20000			1					43200			0
68	Bản đồ bí cảnh	102	18	1	251	1	0	0		10000								43200			16
69	Túi kỷ niệm 20 năm	102	18	1	256	1	0	0		500								43200			100
70	Lệnh bài chúc phúc (cao)	103	18	1	212	3	1	0		200000								43200			100
71	Hộp giáng sinh	102	18	1	270	1	1	0		680								43200			0
72	Kẹo giáng sinh	102	18	1	271	1	1	0		99								43200			0
73	Thỏi bạc bang hội (tiểu)	102	18	1	284	1	1	0		1500								43200			100
74	Thỏi bạc bang hội (đại)	102	18	1	284	2	1	0		12500								43200			100
75	Lệnh bài phần thưởng Bang hội	102	18	1	340	1	0	0		5000								43200			100
76	Hoa hồng	102	18	1	373	1	0	0		160								43200			100
77	Dạ Minh Châu-Rương	102	18	1	382	1	0	0		10000			1					0	180	100000	0
78	Giỏ hoa hồng	102	18	1	383	1	0	0		15840								43200			0
79	Vạn Vật Quy Nguyên Đơn	102	18	1	384	1	0	0		7200			1					43200			100
80	Linh Chi Tục Mệnh Hoàn-Rương	102	18	1	241	1	0	0		600			1					43200			0
81	Tuyết Sam Phản Khí Hoàn-Rương	102	18	1	242	1	0	0		600			1					43200			0
82	Diêu Trì Đại Hoàn Đơn-Rương	102	18	1	243	1	0	0		600			1					43200			0
83	Túi lương nghĩa quân	103	18	1	341	1	0	0		120								43200	74	100000	100
84	Liên Đấu Hắc Thiết Bài	103	18	1	215	1	0	0		2000								43200	180	100000	100
85	Liên Đấu Hoàng Kim Bài	103	18	1	215	4	0	0		150000								43200	180	100000	100
86	Bách Bộ Xuyên Dương Cung	103	18	1	263	1	0	0		3000								43200	43	100000	100
87	Tần Lăng-Mạc Kim Phù	103	18	1	366	1	0	0		6000								43200	187	100000	100
88	Bánh ít bát bảo	102	18	1	326	2	0	0		8000								43200	87	100000	100
89	Bánh ít thập cẩm	102	18	1	326	3	0	0		8000								43200	87	100000	100
90	Trứng Thịnh Hạ	102	18	1	358	1	0	0		200								43200	20	100000	100
91	Bách Bộ Xuyên Dương Cung (x50)	103	18	1	376	1	0	0		150000								43200	50	100000	100
92	Tần Lăng-Mạc Kim Phù (x50)	103	18	1	375	1	0	0		300000								43200	187	100000	100
93	Rương Đại Mã Tam	102	18	1	388	1	0	0		831								43200			
94	Rương cổ mộc	102	18	1	389	1	0	0		500								43200			
95	Bách Luyện Hoàn	102	18	1	468	1	0	0		780			1					43200			100
96	Tiếp Viện Nghĩa Quân (x50)	103	18	1	469	1	0	0		6000								43200	74	100000	100
97	Lệnh Bài Nghĩa Quân (x50)	103	18	1	470	1	0	0		400								43200			100
98	Thẻ đoàn viên	102	18	1	402	1	0	0		100								1440			100
99	Anh Hùng Thiếp	102	18	1	471	1	0	0		500								43200			100
100	Bổ Tu Lệnh	102	18	1	479	1	0	0		10000								43200	87	100000	100
101	Bộ bản đồ Bí Cảnh	102	18	1	489	1	0	0		2488			1					43200			
102	Bộ bản đồ Bí Cảnh (lớn)	102	18	1	489	2	0	0		4488			1					43200			
103	Bạc khóa chuyên dùng cho hoạt động liên server	102	18	1	490	1	0	0		500			1					43200			100
104	Tu Luyện Đơn	102	18	1	258	1	0	0		1800			1					43200			100
105	Tần Lăng-Hòa Thị Bích	103	18	1	377	1	0	0		200000								0	176	100000	100
106	Nguyệt Ảnh Nguyên Thạch	102	22	1	91	2	0	0		100								43200	96	100000	
109	Nguyệt Ảnh Nguyên Thạch-Rương	102	18	1	530	1	0	0		10000								43200	96	100000	
107	Bùa sửa phòng cụ cường 15	102	18	3	1	15	0	0		1000								43200	96	100000	0
108	Bùa sửa trang sức cường 15	102	18	3	2	15	0	0		1500								43200	96	100000	0
110	Du Long Danh Vọng Lệnh (vé)	102	18	1	534	1	0	0		20000								43200	96	100000	100
111	Quà Tết	102	18	1	551	1	0	0		400								43200			100
112	Võ Lâm Cao Thủ Lệnh (sơ) (Kim)	103	18	1	219	1	0	0		1200								43200			100
113	Võ Lâm Cao Thủ Lệnh (sơ) (Mộc)	103	18	1	222	1	0	0		1200								43200			100
114	Võ Lâm Cao Thủ Lệnh (sơ) (Thủy)	103	18	1	225	1	0	0		1200								43200			100
115	Võ Lâm Cao Thủ Lệnh (sơ) (Hỏa)	103	18	1	228	1	0	0		1200								43200			100
116	Võ Lâm Cao Thủ Lệnh (sơ) (Thổ)	103	18	1	231	1	0	0		1200								43200			100
148	Đồng hành Tẩy Tủy Kinh (đặc biệt)	103	18	1	563	1	0	0		10000											
149	Đồng hành Tẩy Tủy Kinh (thường)	103	18	1	562	1	0	0		5000											
207	Chìa khóa đồng	102	18	1	77	1	1	0		30								43200			100
208	Chìa khóa bạc	102	18	1	82	1	1	0		60								43200			100
209	Chìa khóa vàng	102	18	1	187	1	1	0		100								43200			100
210	Ốc biển truyền thanh (tiểu)	102	18	1	113	1	1	0		50		20	1					43200			100
211	Ốc biển truyền thanh (trung)	102	18	1	113	2	1	0		450								43200			100
212	Ốc biển truyền thanh (đại)	102	18	1	113	3	1	0		2000								43200			100
213	[Mặt nạ] Ông già Noel	102	1	13	44	1	0	0		5000								43200			
214	[Mặt nạ] Thiếu nữ Noel	102	1	13	45	1	0	0		5000								43200			
215	Huân Chương Huy Hoàng	102	18	1	921	1	0	0		125								43200			
216	Thiên lý truyền âm	102	18	1	924	1	0	0		499								43200			
217	Thiên lý truyền âm (lớn)	102	18	1	925	1	0	0		2499								43200			
219	[Mặt nạ] Phương Hành Giác	102	1	13	48	1	0	0		5000								43200			
220	[Mặt nạ] Khiên Vân Thủ	102	1	13	49	1	0	0		5000								43200			
221	Lệnh bài mở rộng rương Lv2	102	18	1	216	2	0	0		7900								43200			
222	Dây cương thần bí [ngựa cấp 90]	102	18	1	638	1	0	0		820								43200			
223	Mã bài cấp 120	102	1	12	33	4	0	0		6888								43200			
224	Túi quà thăng cấp	102	18	1	639	1	0	0		2000								43200		30	100
225	Túi quà cường hóa	102	18	1	640	1	0	0		2500								43200			100
226	Túi quà danh vọng	102	18	1	641	1	0	0		6880								43200		30	100
227	Than Đá	102	18	1	951	1	0	0		70								43200			
228	Giống cây	102	18	1	953	1	0	0		30								43200			
229	Huyền Chân Đơn	102	18	1	956	1	0	0		12800								43200			
230	Rương Than đá (tiểu)	102	18	1	961	1	0	0		700								43200			
231	Rương Than đá (đại)	102	18	1	961	2	0	0		7000								43200			
232	Giỏ Hoa Tình (10)	102	18	1	606	1	0	0		500								43200			0
233	Giỏ Hoa Tình (100)	102	18	1	605	1	0	0		5000								43200			0
234	Giỏ Hoa Tình (1000)	102	18	1	607	1	0	0		50000								43200			0
235	Anh Hùng Lệnh	103	18	1	667	1	0	0		21888								43200			100
236	Túi Phúc Huyền Võ	102	18	1	618	1	0	0		200								43200			
237	Túi Phúc Bạch Hổ	102	18	1	619	1	0	0		200								43200			
238	Tử Chân Đơn	102	18	1	956	2	0	0		2500								43200			
239	Huyết Chân Đơn	102	18	1	956	3	0	0		6500								43200			
240	Mã bài (Xích Thố)	102	1	12	34	4	0	0		3000								43200			
241	Mã bài (Bôn Tiêu)	102	1	12	35	4	0	0		6500								43200			
242	Thiên sơn hàn tửu	102	18	1	984	1	0	0		4800								43200			
243	Kỷ niệm chương Thịnh Hạ 2010	102	18	1	669	1	0	0		7000								43200			100
244	Hoàng Kim Tinh Hoa (Cấp 2)	102	18	1	672	1	0	0		100								43200			
245	Tần Lăng-Hòa Thị Bích	102	18	1	673	1	0	0		200000								0			100
246	Tương Tư Thạch	102	18	1	974	1	0	0		59								43200			
247	Không Bạch Tâm Thư	102	18	1	668	1	0	0		20								43200			
248	Ngọc Trúc Mai Hoa	102	19	3	1	7	1	2		1								43200			
249	Ngọc Trúc Mai Hoa	2	19	3	1	7	1	2		1								43200			
250	Túi thức ăn	102	18	1	684	1	0	0		100								43200			
251	Hạt giống	102	18	1	686	1	0	0		30								43200			
252	Vàng thô	102	18	1	1029	1	0	0		150								43200			
253	Quả xí muội (sơ)	102	18	1	1035	1	0	0		150								43200			
254	Quả xí muội (trung)	102	18	1	1035	2	0	0		150								43200			
255	Quả xí muội (cao)	102	18	1	1035	3	0	0		150								43200			
256	Hoa hồng	102	18	1	1037	1	0	0		100								43200			0
257	Kim Châu Ngọc Thúy	102	18	1	1023	1	0	0		100								43200			0
258	Giỏ hoa hồng	102	18	1	1042	1	0	0		10000								43200			0
259	Túi Kim Châu Ngọc Thúy	102	18	1	1041	1	0	0		10000								43200			0
260	Bút lông đặc biệt	102	18	1	1054	1	0	0		100								43200			0
261	Bạch Hổ Đường Truyền Lệnh	102	18	1	1060	1	0	0		800								43200			0
262	Bạch Ngọc 	102	18	1	717	1	0	0		7500								43200			100
263	Que Diêm	102	18	1	1089	1	0	0		50								43200			0
264	Bình rượu	102	18	1	1095	1	0	0		50								43200			0
265	Rượu đào thượng hạng	102	18	1	1098	1	0	0		200								43200			0
267	Thịt Ngỗng	102	18	1	1079	1	0	0		150								43200			0
268	Hàn Vũ Hồn Châu	102	18	1	510	1	0	0		100								43200	29	100000	100
269	Nồi bánh	102	18	1	1121	1	0	0		100								43200			100
270	Que Diêm	102	18	1	1125	1	0	0		50								43200			100
271	Mâm vàng	102	18	1	1124	1	0	0		150								43200			100
272	Huyền Tinh cấp 7	102	18	1	1155	1	0	0		2366								43200			100
273	Huyền Tinh cấp 7	102	18	1	1155	2	0	0		1690								43200			100
274	Rương Hồn Thạch (100)	102	18	1	1156	1	0	0		1120								43200			100
275	Rương Hồn Thạch (100)	102	18	1	1156	2	0	0		800								43200			100
276	Rương Hồn Thạch (1000)	102	18	1	1157	1	0	0		10920								43200			100
277	Rương Hồn Thạch (1000)	102	18	1	1157	2	0	0		7800								43200			100
278	Túi sự kiện	102	18	1	1137	1	0	0		200								43200			100
279	Kỷ niệm cuộc thi Nữ anh hùng [24 ô]	102	18	1	724	1	0	0		50000								43200			100
280	Tuyết Hồn	102	1	12	41	4	0	0		9900								43200			100
281	Tinh Khí Tán-Rương	102	18	1	1172	1	0	0		240								43200			100
282	Hoạt Khí Tán-Rương	102	18	1	1173	1	0	0		240								43200			100
283	Bổ Tu Lệnh-Rương	102	18	1	1174	1	0	0		3000								43200			100
284	Ngựa Xích Thố-Rương	102	18	1	1175	1	0	0		1200								43200			100
285	Tuyết Hồn Lệnh	102	18	1	727	1	0	0		6000								43200			100
286	Hạt hi vọng	102	18	1	1197	1	0	0		100								43200	29	100000	100
287	Rương chứa đồ 4	102	18	1	730	1	0	0		50000								43200			100
301	Bạch Câu Hoàn	102	18	1	71	1	1	2		36								43200			
302	Đại Bạch Câu Hoàn	102	18	1	71	2	1	2		180								43200			
303	Cường Hiệu Bạch Câu Hoàn	102	18	1	71	3	1	2		540								43200			
305	Huyền Tinh Cấp 1	101	18	1	1	1	1	2		1								43200			
306	Huyền Tinh Cấp 3	101	18	1	1	3	1	2		10								43200			
307	Huyền Tinh Cấp 5	101	18	1	1	5	1	2		130								43200			
308	Huyền Tinh thường (cấp 7)	101	18	1	1	7	1	2		1690								43200			
309	Vô Hạn Truyền Tống Phù (1 tuần)	102	18	1	195	1	1	2	1	400			1					10080			
310	Vô Hạn Truyền Tống Phù (1 tháng)	102	18	1	195	1	1	2	1	1500								43200			
315	Vô Hạn Hồi Thành Phù (1 tuần)	102	18	1	23	1	1	2	1	200								10080			
316	Vô Hạn Hồi Thành Phù (1 tháng)	102	18	1	23	1	1	2	1	750								43200			
319	Càn Khôn Phù (10)	102	18	1	85	1	1	2		200			1					43200			
322	Cửu Chuyển Tục Mệnh Hoàn	102	18	1	24	1	1	2		40			1					43200			
325	Kim Tê (cấp 4)	102	18	1	2	4	1	2		2900								43200			
326	Kim Tê (cấp 3)	102	18	1	2	3	1	2		300			1					43200			
328	Lệnh bài Tẩy Tủy Đảo	102	18	1	79	1	1	2		200								43200			
329	Mã bài (Đại Uyển Mã)	102	1	12	15	2	1	2	1	120								43200			
330	Mã bài (Ô Truy)	102	1	12	16	2	1	2	1	120								43200			
331	Lệnh Bài Quân Doanh Vô Hạn (1 tháng)	102	20	1	607	1	1	2		200								43200			
332	Lệnh bài chúc phúc (sơ)	103	18	1	212	1	1	2		1880								43200			
333	Lệnh bài chúc phúc (trung)	103	18	1	212	2	1	2		14880								43200			
334	Huyền Tinh vô hạ (cấp 9)	101	18	1	1	9	1	2		28800								43200	53	100000	
335	Đặc Hiệu Bạch Câu Hoàn	102	18	1	71	4	1	2		1480								43200	53	100000	
336	Dây cương thần bí	102	18	1	237	1	0	2	1	3000		80						43200	67	100000	
337	Võ Lâm Mật Tịch (trung)	102	18	1	191	2	0	2		4500		80						43200	67	100000	
338	Tẩy Tủy Kinh (trung)	102	18	1	192	2	0	2		4500		80						43200	67	100000	
339	Lệnh Bài Nghĩa Quân	103	18	1	84	1	0	2		8								43200			
340	Lệnh bài thi đấu môn phái (cao)	103	18	1	81	3	0	2		300								43200			
341	Lệnh Bài Bạch Hổ Đường (cao)	103	18	1	111	3	0	2		100								43200			
342	Lệnh Bài Gia Tộc (cao)	103	18	1	110	3	0	2		200								43200			
343	Lệnh bài chiến trường (Dương Châu)	103	18	1	112	1	0	2		20								43200			
344	Lệnh bài chiến trường (Phượng Tường)	103	18	1	112	2	0	2		20								43200			
345	Dị Mã Phù	102	18	1	238	1	0	2		288								43200			
346	Rương Hồn Thạch (100 cái)	101	18	1	244	1	0	2		800			1					43200			
347	Rương Hồn Thạch (1000 cái)	101	18	1	244	2	0	2		7800			1					43200			
348	Lệnh bài chúc phúc (cao)	103	18	1	212	3	1	2		200000								43200			
349	Thỏi bạc Tây Sơn	102	18	1	260	1	1	0		500	2							43200			100
350	Thỏi bạc Tây Sơn (đại)	102	18	1	260	2	1	0		5000	2							43200			100
351	Thỏi vàng Tây Sơn	102	18	1	261	1	1	0		500	2							43200			100
352	Thỏi vàng Tây Sơn (đại)	102	18	1	261	2	1	0		5000	2							43200			100
353	Chìa khóa đồng	102	18	1	77	1	1	2		30								43200			
354	Chìa khóa bạc	102	18	1	82	1	1	2		60								43200			
355	Chìa khóa vàng	102	18	1	187	1	1	2		100								43200			
356	Ốc biển truyền thanh (tiểu)	102	18	1	113	1	1	2		50			1					43200			
357	Ốc biển truyền thanh (trung)	102	18	1	113	2	1	2		450								43200			
358	Ốc biển truyền thanh (đại)	102	18	1	113	3	1	2		2000								43200			
359	Đại Bạch Câu Hoàn giảm 70%	102	18	1	348	1	1	0		54								43200			100
360	Càn Khôn Phù giảm 70%	102	18	1	349	1	1	0		60								43200			100
361	Huyền Tinh 7 giảm 70%	102	18	1	350	7	1	0		672								43200			100
362	Huyền Tinh 9 giảm 70%	102	18	1	350	9	1	0		8640								43200			100
363	Dạ Minh Châu	102	18	1	357	1	1	2		100			1					0			100
364	Vạn Vật Quy Nguyên Đơn	102	18	1	384	1	0	2		7200			1					43200			
365	Linh Chi Tục Mệnh Hoàn-Rương	102	18	1	241	1	0	2		600			1					43200			
366	Tuyết Sam Phản Khí Hoàn-Rương	102	18	1	242	1	0	2		600			1					43200			
367	Diêu Trì Đại Hoàn Đơn-Rương	102	18	1	243	1	0	2		600			1					43200			
368	Túi lương nghĩa quân	103	18	1	341	1	0	2		120								43200	74	100000	
369	Liên Đấu Hắc Thiết Bài	103	18	1	215	1	0	2		2000								43200	180	100000	
370	Liên Đấu Hoàng Kim Bài	103	18	1	215	4	0	2		150000								43200	180	100000	
371	Bách Bộ Xuyên Dương Cung	103	18	1	263	1	0	2		3000								43200	43	100000	
372	Tần Lăng-Mạc Kim Phù	103	18	1	366	1	0	2		6000								43200	187	100000	
373	Võ Lâm Cao Thủ Lệnh (Kim)	103	18	1	221	3	0	0		500								43200			100
374	Võ Lâm Cao Thủ Lệnh (Mộc)	103	18	1	224	3	0	0		500								43200			100
375	Võ Lâm Cao Thủ Lệnh (Thủy)	103	18	1	227	3	0	0		500								43200			100
376	Võ Lâm Cao Thủ Lệnh (Hỏa)	103	18	1	230	3	0	0		500								43200			100
377	Võ Lâm Cao Thủ Lệnh (Thổ)	103	18	1	233	3	0	0		500								43200			100
378	Bánh ít bát bảo	102	18	1	326	2	0	2		8000								43200	87	100000	
379	Bánh ít thập cẩm	102	18	1	326	3	0	2		8000								43200	87	100000	
380	Tần Lăng-Hòa Thị Bích	103	18	1	356	1	0	0		200000								0			100
381	Bách Bộ Xuyên Dương Cung (x50)	103	18	1	376	1	0	2		150000								43200	43	100000	
382	Tần Lăng-Mạc Kim Phù (x50)	103	18	1	375	1	0	2		300000								43200	187	100000	
383	Thỏi bạc bang hội (-50%) (lớn)	102	18	1	399	2	1	0		5000								43200			100
384	Bách Luyện Hoàn	102	18	1	468	1	0	2		780			1					43200			
385	Tiếp Viện Nghĩa Quân (x50)	103	18	1	469	1	0	2		6000								43200	74	100000	
386	Lệnh Bài Nghĩa Quân (x50)	103	18	1	470	1	0	2		400								43200			
387	Bổ Tu Lệnh	102	18	1	479	1	0	2		10000								43200	87	100000	
388	Tu Luyện Đơn	102	18	1	258	1	0	2		1800			1					43200			100
389	Băng Cơ Ngọc Liên	102	18	1	648	1	0	0		30000								43200			100
390	Danh Túc Tâm Đắc	102	18	1	649	1	0	0		99								43200			100
391	Túi quà Tu Luyện Đơn	102	18	1	650	1	0	0		1800								43200			33
392	Túi quà Lệnh bài chúc phúc	102	18	1	651	1	0	0		300000								43200			50
393	Túi quà Huyền Tinh cấp 7	101	18	1	652	1	0	0		2250								43200			50
394	Túi quà Huyền Tinh cấp 9	101	18	1	653	1	0	0		28900								43200			50
395	Túi quà rương Hồn Thạch nhỏ	101	18	1	654	1	0	0		850								43200			0
396	Túi quà rương Hồn Thạch lớn	101	18	1	655	1	0	0		8500								43200			0
397	Túi quà Bạch Câu Hoàn đặc biệt	102	18	1	656	1	0	0		7400								43200			50
398	Tuyết Linh Thạch	102	18	1	962	1	0	0		99								43200			100
399	Bạc khóa quân đoàn (1000 đồng)	102	18	1	964	1	0	0		1000	2							43200			100
400	Bạc khóa quân đoàn (10000 đồng)	102	18	1	965	1	0	0		10000	2							43200			100
401	Tuyết Linh Thạch	102	18	1	962	1	0	2		99								43200			100
402	Kênh phân phối nhiệm vụ tiêu hao vật phẩm	102	18	1	993	1	0	0		1	2							43200			100
403	Kênh phân phối nhiệm vụ tiêu hao vật phẩm	102	18	1	993	2	0	0		10	2							43200			100
404	Kênh phân phối nhiệm vụ tiêu hao vật phẩm	102	18	1	993	3	0	0		100	2							43200			100
405	Kênh phân phối nhiệm vụ tiêu hao vật phẩm	102	18	1	993	4	0	0		1000	2							43200			100
406	Lệnh bài mở rộng rương Lv2	102	18	1	216	2	0	2		7900								43200			100
407	Túi Phúc Tinh Long	102	18	1	1048	1	0	0		200								43200			
408	Túi Phúc Lệnh Bài	102	18	1	1049	1	0	0		200								43200			
409	Túi Phúc Kim Ngân	102	18	1	1050	1	0	0		200								43200			
410	Túi Phúc Hoa Hạ	102	18	1	1051	1	0	0		200								43200			
411	Rương Mật Tịch (cao)	102	18	1	1052	1	0	0		200								43200			
412	Túi Phúc Huyền Thiên	102	18	1	1092	1	0	0		200								43200			
413	Túi Phúc Bảo Ngân	102	18	1	1093	1	0	0		200								43200			
414	Túi Phúc Dương Châu	102	18	1	1094	1	0	0		200								43200			
415	Lệnh bài điểm nhiệm vụ kinh nghiệm (5 điểm)	102	18	1	1117	1	0	0		5								43200			100
416	Lệnh bài điểm nhiệm vụ kinh nghiệm (10 điểm)	102	18	1	1117	2	0	0		10								43200			100
417	Lệnh bài điểm nhiệm vụ kinh nghiệm (100 điểm)	102	18	1	1117	3	0	0		100								43200			100
418	Túi Phúc Năm Mới	102	18	1	1118	3	0	0		100								43200			
419	Túi Phúc Cửu Long	102	18	1	1118	4	0	0		200								43200			
420	Túi Phúc Thần Châu	102	18	1	1118	5	0	0		200								43200			
421	Túi Phúc Thiên Điệp	102	18	1	1170	1	0	0		200								43200			
422	Túi Phúc Đồng Hành	102	18	1	1170	2	0	0		200								43200			
423	Túi Phúc Như Ý	102	18	1	1170	3	0	0		200								43200			
424	Lá dong	102	18	1	1212	1	0	0		150								43200			100
425	Túi Phúc Lăng Vân	102	18	1	1249	8	0	0		200								43200			
426	Túi Phúc Cô Tinh	102	18	1	1249	9	0	0		200								43200			
427	Túi Phúc Chiến Thần	102	18	1	1249	10	0	0		200								43200			
428	Túi Phúc Võ Thần	102	18	1	1249	11	0	0		200								43200			
429	Lương khô	102	18	1	1263	1	0	0		100								43200			100
430	Cán cờ	102	18	1	1269	1	0	0		100								43200			100
431	Bách Bộ Xuyên Dương Cung x50	102	18	1	1280	1	0	0		150000								43200			100
432	Tần Lăng-Mạc Kim Phù x50	102	18	1	1279	1	0	0		300000								43200			100
433	Tần Lăng-Hòa Thị Bích	102	18	1	1278	1	0	0		200000								0			100
434	Lệnh bài tam tu	102	18	1	1274	1	0	0		100								43200			100
435	Túi phúc Tuyết Hồn (vị trí)	102	18	1	1283	1	0	0		200								43200			
436	Túi Huyền Tinh cấp 5	101	18	1	1287	1	0	0		180								43200			100
437	Túi Huyền Tinh cấp 5 (lớn)	101	18	1	1288	1	0	0		1800								43200			100
438	Túi Huyền Tinh cấp 7 (lớn)	101	18	1	1289	1	0	0		22500								43200			100
441	Túi phúc mừng tròn năm (vị trí)	102	18	1	1298	2	0	0		200								43200			
442	Bách Bảo Cẩm Nang 	102	18	1	1303	1	0	0		150								43200			
443	Lá xanh	102	18	1	1330	1	0	0		100								43200			100
444	Rương Linh Chi Tục Mệnh Hoàn	102	18	1	241	1	0	0		600			1	07/07/2009 0:00	24/07/2019 0:00			43200			0
445	Rương Tuyết Sam Phản Khí Hoàn	102	18	1	242	1	0	0		600			1	07/07/2009 0:00	24/07/2019 0:00			43200			0
446	Rương Diêu Trì Đại Hoàn Đơn	102	18	1	243	1	0	0		600			1	07/07/2009 0:00	24/07/2019 0:00			43200			0
20000	Nồi bánh	102	18	1	20005	1	0	0		100								43200			100
20001	Sồ Phượng Lệnh	102	18	1	20013	1	0	0		4320								43200			100
20002	Tiềm Long Lệnh	102	18	1	20013	2	0	0		10800								43200			100
20003	Chí Tôn Lệnh	102	18	1	20013	3	0	0		27771								43200			100
20004	Vô Song Lệnh	102	18	1	20013	4	0	0		77143								43200			100
20005	Túi phúc cường hóa	102	18	1	20014	1	0	0		2548								43200			100
20006	Túi phúc tiền điểm	102	18	1	20014	2	0	0		1648								43200			100
20007	Túi kinh nghiệm	102	18	1	20014	3	0	0		2100								43200			100
20008	Túi phúc vi hành	102	18	1	20014	4	0	0		5000								43200			100
20009	Túi Phúc Tứ Hỷ	102	18	1	20014	5	0	0		10000								43200			100
20010	Túi Phúc Bát Bửu	102	18	1	20014	6	0	0		10000								43200			100
20011	Bút lông	102	18	1	20045	1	0	0		100								43200			100
20012	Bút lông-Vu Lan	102	18	1	20089	1	0	0		150								43200			100
20013	Cường Hóa Truyền Phù	102	18	1	1198	1	0	0		10000								43200			100
20014	Trang Bị Trọng Chú Phù	102	18	1	1199	1	0	0		10000								43200			100
20015	Tần Lăng Truyền Lệnh	102	18	1	20123	1	0	0		1000								43200			100
20016	Chân đơn kim bài	102	18	1	1220	1	0	0		10000								43200			100
20017	Thẻ may mắn Bạch Kim	102	18	1	20124	1	0	0		10000								43200			100
20018	Thẻ may mắn Hoàng Kim	102	18	1	20125	1	0	0		10000								43200			100
20019	Thẻ may mắn Bạch Ngân	102	18	1	20126	1	0	0		10000								43200			100
20020	Thẻ may mắn Thanh Đồng	102	18	1	20127	1	0	0		10000								43200			100
20021	Thẻ Code	102	18	1	20128	1	0	0		10000								43200			100
20022	Ngọn lửa Seagame	102	18	1	20171	1	0	0		150								43200			100
20023	Tân Thủ Kim Bài	102	18	1	20189	1	0	0		10000								43200			100
20024	Túi dụng cụ	102	18	1	20222	1	0	0		100								43200			100
20025	Thịt gà tây	102	18	1	20198	1	0	0		150								43200			100
20026	Pháo hoa Nguyên Đán 2012	102	18	1	20196	1	0	2		200								43200			100
20027	Lệnh bài triệu hồi gia tộc	102	18	1	87	1	1	2		500								43200			0
20028	Lệnh Bài Hình Bộ	102	18	1	17	1	1	2		100								43200			100
20029	Từ Bi Tâm Kinh	102	18	1	18	1	1	2		100								43200			100
20030	Thiên Nhãn Phù	102	18	1	206	1	1	2		500								43200			0
20031	Cường Hóa Truyền Phù	102	18	1	1198	1	0	2		10000								43200			100
20032	Mã bài (Phiên Vũ)	102	1	12	33	4	0	0		750000								43200			100
20033	Chuông đất	102	18	4	20233	1	0	0		100								43200			100
20034	Giấy đỏ	102	18	7	20233	1	0	0		100								43200			100
20035	Giấy điệp	102	18	8	20233	1	0	0		100								43200			100
20036	Huyền Tinh Cấp 9	101	18	1	1	9	1	0		28800								43200			0
20037	Huyền Tinh Cấp 1	101	18	1	1	1	1	2		1								43200			0
20038	Huyền Tinh Cấp 3	101	18	1	1	3	1	2		10								43200			0
20039	Huyền Tinh Cấp 5	101	18	1	1	5	1	2		130								43200			0
20040	Huyền Tinh Cấp 7	101	18	1	1	7	1	2		1690								43200			0
20041	Huyền Tinh Cấp 9	101	18	1	1	9	1	2		28800								43200			0
538	Mã bài (Xích Thố)	102	1	12	34	4	0	2		3000								43200			
539	Mã bài (Bôn Tiêu)	102	1	12	35	4	0	2		6500								43200			
126	Đồng hành 4 skill	102	18	1	547	1	0	0		100000											
137	[Chân nguyên] Diệp Tịnh	102	1	24	1	1	0	0		100000								0			
138	[Chân nguyên] Bảo Ngọc	102	1	24	2	1	0	0		100000								0			
139	[Chân nguyên] Hạ Tiểu Sảnh	102	1	24	3	1	0	0		100000								0			
140	[Chân nguyên] Oanh Oanh	102	1	24	4	1	0	0		100000								0			
141	[Chân nguyên] Mộc Siêu	102	1	24	5	1	0	0		100000								0			
142	[Chân nguyên] Tử Uyển	102	1	24	6	1	0	0		100000								0			
143	[Chân nguyên] Tần Trọng	102	1	24	7	1	0	0		100000								0			
144	[Thánh Linh] Kim Quang Phát Hoạt	102	1	27	1	1	0	0		100000								0			
145	[Thánh Linh] Mộc Tinh Nhân Dã	102	1	27	2	1	0	0		100000								0			
146	[Thánh Linh] Thủy Tức Hàn Long	102	1	27	3	1	0	0		100000								0			
147	[Thánh Linh] Hỏa Thiên Nhất Thống	102	1	27	4	1	0	0		100000								0			
150	[Thánh Linh] Thổ Khiếu Vân Vân	102	1	27	5	1	0	0		100000								0			
786	Huyền Tinh Cấp 4	101	18	1	1	4	1	0		100								43200			0
787	Huyền Tinh Cấp 6	101	18	1	1	6	1	0		1000								43200			0
788	Huyền Tinh Cấp 8	101	18	1	1	8	1	0		28000								43200			0
789	Huyền Tinh Cấp 10	101	18	1	1	10	1	0		50000								43200			0
790	Huyền Tinh Cấp 11	101	18	1	1	11	1	0		375000								43200			0
791	Huyền Tinh Cấp 12	101	18	1	1	12	1	0		80000								43200			0
792	Huyền Tinh Cấp 2	101	18	1	1	2	1	0		5								43200			0
793	[Chân Vũ] Hoàng Điểu Truy Phong	102	1	26	40	2	0	0		50000								43200			0
794	[Chân Vũ] Hoàng Điểu Truy Phong	102	1	26	41	2	0	0		50000								43200			0
795	[Ngoại Trang] Hoàng Kim Trường Không Y	102	1	25	16	2	0	0		50000								43200			0
796	[Ngoại Trang] Hoàng Kim Thừa Ảnh Y	102	1	25	32	2	0	0		50000								43200			0
797	Tuyệt Thế Tuyết Vũ	102	1	12	55	4	0	0		800000								0			100
798	Hoan Hoan	102	1	12	25	4	0	0		750000								43200			100
799	Hỷ Hỷ	102	1	12	26	4	0	0		750000								43200			100
800	Tinh Thạch Thánh Hỏa	102	18	1	1331	4	1	0	1	10000								0			100
801	Lam Kỳ Lân	102	1	12	42	4	0	0		2500000								43200			
802	Mã bài (Lăng Thiên)	102	1	12	44	4	0	0		750000								43200			100
803	Ức Vân	102	1	12	47	4	0	0		1000000								43200			
804	[Mặt nạ] Đường Bá Hổ	102	1	13	61	1	0	0		35000								43200			
805	[Mặt nạ] Tuyệt Thế Quán	102	1	13	71	1	0	0		35000								43200			
806	[Mặt nạ] Lãnh Sương Nhiên	102	1	13	94	1	0	0		35000								43200			
807	[Mặt nạ] Thạch Phá Thiên	102	1	13	132	1	0	0		35000								43200			
808	[Mặt nạ] Túy Tăng	102	1	13	6	1	0	0		35000								43200			
809	[Mặt nạ] Đoạt Bảo Tặc	102	1	13	8	1	0	0		35000								43200			
900	[Mặt nạ] Tân Niên Hiệp Khách	102	1	13	18	1	0	0		35000								43200			
901	[Mặt nạ] Tân Niên Hiệp Nữ	102	1	13	19	1	0	0		35000								43200			
902	[Mặt nạ] Thu Hương	102	1	13	62	1	0	0		35000								43200			
903	[Mặt nạ] Khuynh Thành	102	1	13	25	1	0	0		35000								43200			
904	[Mặt nạ] Khuynh Quốc	102	1	13	26	1	0	0		35000								43200			
905	[Mặt nạ] Khuynh Thế	102	1	13	27	1	0	0		35000								43200			
906	Võ Lâm Mật Tịch (sơ)	103	18	1	191	1	0	0		100000								43200			
907	Võ Lâm Mật Tịch (trung)	103	18	1	191	2	0	0		150000								43200			
908	Tẩy Tủy Kinh (sơ)	103	18	1	192	1	0	0		100000								43200			
909	Tẩy Tủy Kinh (trung)	103	18	1	192	2	0	0		150000								43200			
910	Bánh ít bát bảo	103	18	1	326	2	0	0		200000								43200			
911	Bánh ít thập cẩm	103	18	1	326	3	0	0		200000								43200			
912	Ngọc Như Ý	103	18	1	475	1	0	0		5000								43200			
913	Thiệp bạc (cấp 2)	102	18	1	541	2	0	0		20000								43200			
914	Tinh phách thần kỳ (cấp 4)	102	18	1	544	4	0	0		2000								43200			
915	Thư Đồng Hành	102	18	1	566	1	0	0		10000								43200			
501	Bạch Câu Hoàn	102	18	1	71	1	1	2		36								43200			100
502	Đại Bạch Câu Hoàn	102	18	1	71	2	1	2		180								43200			100
503	Đại Bạch Câu Hoàn giảm 70%	102	18	1	348	1	1	2		54								43200			100
504	Cường Hiệu Bạch Câu Hoàn	102	18	1	71	3	1	2		540								43200			100
505	Đặc Hiệu Bạch Câu Hoàn	102	18	1	71	4	1	2		1480								43200	53	100000	100
506	Huyền Tinh Cấp 1	101	18	1	1	1	1	2		1								43200			0
507	Huyền Tinh Cấp 3	101	18	1	1	3	1	2		10								43200			0
508	Huyền Tinh Cấp 5	101	18	1	1	5	1	2		130								43200			0
509	Huyền Tinh Cấp 7	101	18	1	1	7	1	2		1690								43200			0
510	Huyền Tinh Cấp 9	101	18	1	1	9	1	2		28800								43200			0
511	Huyền Tinh 7 giảm 70%	102	18	1	350	7	1	2		672								43200			100
512	Huyền Tinh 9 giảm 70%	102	18	1	350	9	1	2		8640								43200			100
513	Thỏi vàng	102	18	1	118	1	1	2		830			1					43200			0
514	Thỏi vàng (đại)	102	18	1	118	2	1	2		100000			1					43200			0
515	Thùng rượu (5 bình)	102	18	1	189	1	1	2		30								43200			0
516	Thùng rượu (50 bình)	102	18	1	189	2	1	2		300			1					43200			0
517	Vô Hạn Truyền Tống Phù (1 tuần)	102	18	1	195	1	1	2	1	400			1					10080			0
518	Vô Hạn Truyền Tống Phù (1 tháng)	102	18	1	235	1	1	2	1	1500								43200			0
519	Vô Hạn Hồi Thành Phù (1 tuần)	102	18	1	23	1	1	2	1	200								10080			0
520	Vô Hạn Hồi Thành Phù (1 tháng)	102	18	1	234	1	1	2	1	750								43200			0
521	Càn Khôn Phù (10)	102	18	1	85	1	1	2		200			1					43200			0
522	Càn Khôn Phù giảm 70%	102	18	1	349	1	1	2		60								43200			100
523	Lệnh bài triệu hồi gia tộc	102	18	1	87	1	1	2		500			1					43200			0
524	Giấy phép bày bán	102	18	1	116	1	1	2		8								43200			100
525	Cửu Chuyển Tục Mệnh Hoàn	102	18	1	24	1	1	2		40			1					43200			100
526	Cửu Chuyển Tục Mệnh Hoàn (tự động sử dụng)	102	18	1	218	1	1	2		50	2							43200			100
527	Lệnh Bài Hình Bộ	102	18	1	17	1	1	2		100								43200			100
528	Từ Bi Tâm Kinh	102	18	1	18	1	1	2		100								43200			100
529	Không Bạch Tâm Thư (sơ)	102	20	1	463	1	1	2		20								43200			100
530	Không Bạch Tâm Thư (trung)	102	20	1	464	1	1	2		60								43200			100
531	Không Bạch Tâm Thư (cao)	102	20	1	465	1	1	2		180								43200			100
532	Kim Tê (cấp 3)	102	18	1	2	3	1	2		300			1					43200			0
533	Kim Tê (cấp 4)	102	18	1	2	4	1	2		2900								43200			0
534	Lệnh bài Tẩy Tủy Đảo	102	18	1	79	1	1	2		200								43200			100
535	Mã bài (Đại Uyển Mã)	102	1	12	15	2	1	2	1	120								43200			0
536	Mã bài (Ô Truy)	102	1	12	16	2	1	2	1	120								43200			0
537	Mã bài cấp 120	102	1	12	33	4	0	2		6888								43200			
538	Mã bài (Xích Thố)	102	1	12	34	4	0	2		3000								43200			
539	Mã bài (Bôn Tiêu)	102	1	12	35	4	0	2		6500								43200			
540	Mã bài (Phiên Vũ)	102	1	12	20001	4	0	2		10000								43200			100
541	Dây cương thần bí	102	18	1	237	1	0	2	1	820		80						43200	67	100000	100
542	Dây cương thần bí [ngựa cấp 90]	102	18	1	638	1	0	2		820								43200			
543	Chứng nhận di dân	102	18	1	117	1	1	2		200								43200			0
544	Tinh Khí Tán (500)	102	18	1	89	1	1	2		40			1					43200			0
545	Tinh Khí Tán (1000)	102	18	1	89	2	1	2		2000			1					43200			0
456	Tinh Khí Tán (1500)	102	18	1	89	3	1	2		215			1					43200			0
457	Hoạt Khí Tán (500)	102	18	1	90	1	1	2		40			1					43200			0
458	Hoạt Khí Tán (1000)	102	18	1	90	2	1	2		2000			1					43200			0
459	Hoạt Khí Tán (1500)	102	18	1	90	3	1	2		215			1					43200			0
550	Tinh Khí Tán-Rương	102	18	1	1172	1	0	2		240								43200			100
551	Hoạt Khí Tán-Rương	102	18	1	1173	1	0	2		240								43200			100
552	Thiên Nhãn Phù	102	18	1	206	1	1	2		500								43200			0
553	Túi phúc lợi tinh khí (500)	102	18	1	207	1	1	2		80								43200			0
554	Túi phúc lợi hoạt khí (500)	102	18	1	208	1	1	2		80								43200			0
555	Lệnh bài chúc phúc (sơ)	103	18	1	212	1	1	2		1600								43200			100
556	Lệnh bài chúc phúc (trung)	103	18	1	212	2	1	2		12650								43200			100
557	Lệnh bài chúc phúc (cao)	103	18	1	212	3	1	2		200000								43200			100
558	Võ Lâm Mật Tịch (trung)	102	18	1	191	2	0	2		4500		80						43200	67	100000	100
559	Tẩy Tủy Kinh (trung)	102	18	1	192	2	0	2		4500		80						43200	67	100000	100
560	Lệnh Bài Nghĩa Quân	103	18	1	84	1	0	2		35								43200			100
561	Lệnh Bài Nghĩa Quân (x50)	103	18	1	470	1	0	2		400								43200			100
562	Tiếp Viện Nghĩa Quân (x50)	103	18	1	469	1	0	2		6000								43200	74	100000	100
563	Lệnh bài thi đấu môn phái (cao)	103	18	1	81	3	0	2		500								43200			100
564	Lệnh Bài Bạch Hổ Đường (cao)	103	18	1	111	3	0	2		120								43200			100
565	Lệnh Bài Gia Tộc (cao)	103	18	1	110	3	0	2		500								43200			100
566	Lệnh bài chiến trường (Dương Châu)	103	18	1	112	1	0	2		45								43200			100
567	Lệnh bài chiến trường (Phượng Tường)	103	18	1	112	2	0	2		85								43200			100
568	Lệnh bài Uy danh giang hồ	103	18	1	236	1	0	2		1000								43200			100
569	Lệnh bài phần thưởng Bang hội	102	18	1	340	1	0	2		5000								43200			100
570	Lệnh bài mở rộng rương Lv2	102	18	1	216	2	0	2		7900								43200			
571	Lệnh Bài Quân Doanh Vô Hạn (1 tháng)	102	20	1	607	1	1	2		200								43200			
572	Lệnh bài điểm nhiệm vụ kinh nghiệm (5 điểm)	102	18	1	1117	1	0	2		5								43200			100
573	Lệnh bài điểm nhiệm vụ kinh nghiệm (10 điểm)	102	18	1	1117	2	0	2		10								43200			100
574	Lệnh bài điểm nhiệm vụ kinh nghiệm (100 điểm)	102	18	1	1117	3	0	2		100								43200			100
575	Lệnh bài tam tu	102	18	1	1274	1	0	2		100								43200			100
576	Câu Hồn Ngọc (cao)	102	18	1	146	3	0	2		12000								43200	81	100000	0
577	Dị Mã Phù	102	18	1	238	1	0	2		288								43200			100
578	Rương Hồn Thạch (100 cái)	101	18	1	244	1	0	2		800			1					43200			0
579	Rương Hồn Thạch (1000 cái)	101	18	1	244	2	0	2		7800			1					43200			0
580	Rương Hồn Thạch (100)	102	18	1	1156	1	0	2		1120								43200			100
581	Rương Hồn Thạch (100)	102	18	1	1156	2	0	2		800								43200			100
582	Rương Hồn Thạch (1000)	102	18	1	1157	1	0	2		10920								43200			100
583	Rương Hồn Thạch (1000)	102	18	1	1157	2	0	2		7800								43200			100
584	Rương Dạ Minh Châu	102	18	1	382	1	0	2		10000			1					43200	180	100000	0
585	Rương Linh Chi Tục Mệnh Hoàn	102	18	1	241	1	0	2		600			1					43200			0
586	Rương Tuyết Sam Phản Khí Hoàn	102	18	1	242	1	0	2		600			1					43200			0
587	Rương Diêu Trì Đại Hoàn Đơn	102	18	1	243	1	0	2		600			1					43200			0
588	Rương Đại Mã Tam	102	18	1	388	1	0	2		831								43200			
589	Rương cổ mộc	102	18	1	389	1	0	2		500								43200			
590	Rương Nguyệt Ảnh Nguyên Thạch	102	18	1	530	1	0	2		10000								43200	96	100000	
591	Nguyệt Ảnh Nguyên Thạch	102	22	1	91	2	0	2		100								43200	96	100000	
592	Rương Than đá (tiểu)	102	18	1	961	1	0	2		700								43200			
593	Rương Than đá (đại)	102	18	1	961	2	0	2		7000								43200			
594	Rương Bổ Tu Lệnh	102	18	1	1174	1	0	2		3000								43200			100
595	Rương Ngựa Xích Thố	102	18	1	1175	1	0	2		1200								43200			100
596	Rương chứa đồ 4	102	18	1	730	1	0	2		50000								43200			100
597	Rương Mật Tịch (cao)	102	18	1	1052	1	0	2		200								43200			
598	Túi kỷ niệm 20 năm	102	18	1	256	1	0	2		500								43200			100
599	Túi lương nghĩa quân	103	18	1	341	1	0	2		120								43200	74	100000	100
600	Túi quà thăng cấp	102	18	1	639	1	0	2		2000								43200		30	100
601	Túi quà cường hóa	102	18	1	640	1	0	2		2500								43200			100
602	Túi quà danh vọng	102	18	1	641	1	0	2		6880								43200		30	100
603	Túi thức ăn	102	18	1	684	1	0	2		100								43200			
604	Túi Kim Châu Ngọc Thúy	102	18	1	1041	1	0	2		10000								43200			0
605	Túi sự kiện	102	18	1	1137	1	0	2		200								43200			100
606	Túi dụng cụ	102	18	1	20222	1	0	2		100								43200			100
607	Túi quà Tu Luyện Đơn	102	18	1	650	1	0	2		1800								43200			33
608	Túi quà Lệnh bài chúc phúc	102	18	1	651	1	0	2		300000								43200			50
609	Túi quà Huyền Tinh cấp 7	101	18	1	652	1	0	2		2250								43200			50
610	Túi quà Huyền Tinh cấp 9	101	18	1	653	1	0	2		28900								43200			50
611	Túi quà rương Hồn Thạch nhỏ	101	18	1	654	1	0	2		850								43200			0
612	Túi quà rương Hồn Thạch lớn	101	18	1	655	1	0	2		8500								43200			0
613	Túi quà Bạch Câu Hoàn đặc biệt	102	18	1	656	1	0	2		7400								43200			50
614	Túi Phúc Tinh Long	102	18	1	1048	1	0	2		200								43200			
615	Túi Phúc Lệnh Bài	102	18	1	1049	1	0	2		200								43200			
616	Túi Phúc Kim Ngân	102	18	1	1050	1	0	2		200								43200			
617	Túi Phúc Hoa Hạ	102	18	1	1051	1	0	2		200								43200			
618	Túi Phúc Huyền Thiên	102	18	1	1092	1	0	2		200								43200			
619	Túi Phúc Bảo Ngân	102	18	1	1093	1	0	2		200								43200			
620	Túi Phúc Dương Châu	102	18	1	1094	1	0	2		200								43200			
621	Túi Phúc Năm Mới	102	18	1	1118	3	0	2		100								43200			
622	Túi Phúc Cửu Long	102	18	1	1118	4	0	2		200								43200			
623	Túi Phúc Thần Châu	102	18	1	1118	5	0	2		200								43200			
624	Túi Phúc Thiên Điệp	102	18	1	1170	1	0	2		200								43200			
625	Túi Phúc Đồng Hành	102	18	1	1170	2	0	2		200								43200			
626	Túi Phúc Như Ý	102	18	1	1170	3	0	2		200								43200			
627	Túi Phúc Huyền Võ	102	18	1	618	1	0	2		200								43200			
628	Túi Phúc Bạch Hổ	102	18	1	619	1	0	2		200								43200			
629	Túi Phúc Lăng Vân	102	18	1	1249	8	0	2		200								43200			
630	Túi Phúc Cô Tinh	102	18	1	1249	9	0	2		200								43200			
631	Túi Phúc Chiến Thần	102	18	1	1249	10	0	2		200								43200			
632	Túi Phúc Võ Thần	102	18	1	1249	11	0	2		200								43200			
633	Túi phúc Tuyết Hồn (vị trí)	102	18	1	1283	1	0	2		200								43200			
634	Túi Huyền Tinh cấp 5	101	18	1	1287	1	0	2		180								43200			100
635	Túi Huyền Tinh cấp 5 (lớn)	101	18	1	1288	1	0	2		1800								43200			100
636	Túi Huyền Tinh cấp 7 (lớn)	101	18	1	1289	1	0	2		22500								43200			100
637	Túi phúc mừng tròn năm (vị trí)	102	18	1	1298	2	0	2		200								43200			
638	Túi phúc cường hóa	102	18	1	20014	1	0	2		2548								43200			100
639	Túi phúc tiền điểm	102	18	1	20014	2	0	2		1648								43200			100
640	Túi kinh nghiệm	102	18	1	20014	3	0	2		2100								43200			100
641	Túi phúc vi hành	102	18	1	20014	4	0	2		5000								43200			100
642	Túi Phúc Tứ Hỷ	102	18	1	20014	5	0	2		10000								43200			100
643	Túi Phúc Bát Bửu	102	18	1	20014	6	0	2		10000								43200			100
644	Hộp giáng sinh	102	18	1	270	1	1	2		680								43200			0
645	Kẹo giáng sinh	102	18	1	271	1	1	2		99								43200			0
646	Thỏi bạc bang hội (tiểu)	102	18	1	284	1	1	2		1500								43200			100
647	Thỏi bạc bang hội (đại)	102	18	1	284	2	1	2		12500								43200			100
648	Thỏi bạc bang hội (-50%) (lớn)	102	18	1	399	2	1	2		5000								43200			100
649	Bạc khóa chuyên dùng cho hoạt động liên server	102	18	1	490	1	0	2		500			1					43200			100
650	Bạc khóa quân đoàn (1000 đồng)	102	18	1	964	1	0	2		1000	2							43200			100
651	Bạc khóa quân đoàn (10000 đồng)	102	18	1	965	1	0	2		10000	2							43200			100
652	Thỏi bạc Tây Sơn	102	18	1	260	1	1	2		500	2							43200			100
653	Thỏi bạc Tây Sơn (đại)	102	18	1	260	2	1	2		5000	2							43200			100
654	Thỏi vàng Tây Sơn	102	18	1	261	1	1	2		500	2							43200			100
655	Thỏi vàng Tây Sơn (đại)	102	18	1	261	2	1	2		5000	2							43200			100
656	Chìa khóa đồng	102	18	1	77	1	1	2		30								43200			
657	Chìa khóa bạc	102	18	1	82	1	1	2		60								43200			
658	Chìa khóa vàng	102	18	1	187	1	1	2		100								43200			
659	Bản đồ bí cảnh	102	18	1	251	1	0	2		10000								0			16
660	Bộ bản đồ Bí Cảnh	102	18	1	489	1	0	2		2488			1					43200			
661	Bộ bản đồ Bí Cảnh (lớn)	102	18	1	489	2	0	2		4488			1					43200			
662	Ốc biển truyền thanh (tiểu)	102	18	1	113	1	1	2		50		20	1					43200			100
663	Ốc biển truyền thanh (trung)	102	18	1	113	2	1	2		450								43200			100
664	Ốc biển truyền thanh (đại)	102	18	1	113	3	1	2		2000								43200			100
665	Hoa hồng	102	18	1	373	1	0	2		160								43200			100
666	Giỏ hoa hồng	102	18	1	383	1	0	2		15840								43200			0
667	Vạn Vật Quy Nguyên Đơn	102	18	1	384	1	0	2		7200			1					43200			100
668	Liên Đấu Hắc Thiết Bài	103	18	1	215	1	0	2		2500								0			
669	Liên Đấu Hoàng Kim Bài	103	18	1	215	4	0	2		150000								0			
670	Bách Bộ Xuyên Dương Cung	103	18	1	263	1	0	2		3000								0			
671	Bách Bộ Xuyên Dương Cung(x50)	103	18	1	376	1	0	2		150000								0			
672	Tần Lăng-Mạc Kim Phù	103	18	1	366	1	0	2		6000								0			
673	Tần Lăng-Mạc Kim Phù(x50)	103	18	1	375	1	0	2		300000								0			
674	Tần Lăng-Hòa Thị Bích	103	18	1	356	1	0	2		200000								0			100
675	Bánh ít bát bảo	102	18	1	326	2	0	2		8000								43200	87	100000	100
676	Bánh ít thập cẩm	102	18	1	326	3	0	2		8000								43200	87	100000	100
677	Trứng Thịnh Hạ	102	18	1	358	1	0	2		200								43200	20	100000	100
678	Bách Luyện Hoàn	102	18	1	468	1	0	2		780			1					43200			100
679	Thẻ đoàn viên	102	18	1	402	1	0	2		100								1440			100
680	Anh Hùng Thiếp	102	18	1	471	1	0	2		500								43200			100
681	Anh Hùng Lệnh	103	18	1	667	1	0	2		21888								43200			100
682	Bổ Tu Lệnh	102	18	1	479	1	0	2		10000								43200	87	100000	100
683	Tu Luyện Đơn	102	18	1	258	1	0	2		1800			1					43200			100
684	Bùa sửa phòng cụ cường 15	102	18	3	1	15	0	2		1000								43200	96	100000	0
685	Bùa sửa trang sức cường 15	102	18	3	2	15	0	2		1500								43200	96	100000	0
686	Du Long Danh Vọng Lệnh (vé)	103	18	1	534	1	0	2		200000								0			
687	Quà Tết	102	18	1	551	1	0	2		400								43200			100
688	Võ Lâm Cao Thủ Lệnh (sơ) (Kim)	103	18	1	219	1	0	2		1200								43200			100
689	Võ Lâm Cao Thủ Lệnh (sơ) (Mộc)	103	18	1	222	1	0	2		1200								43200			100
690	Võ Lâm Cao Thủ Lệnh (sơ) (Thủy)	103	18	1	225	1	0	2		1200								43200			100
691	Võ Lâm Cao Thủ Lệnh (sơ) (Hỏa)	103	18	1	228	1	0	2		1200								43200			100
692	Võ Lâm Cao Thủ Lệnh (sơ) (Thổ)	103	18	1	231	1	0	2		1200								43200			100
693	Võ Lâm Cao Thủ Lệnh (Kim)	103	18	1	221	3	0	2		6000								43200			100
694	Võ Lâm Cao Thủ Lệnh (Mộc)	103	18	1	224	3	0	2		6000								43200			100
696	Võ Lâm Cao Thủ Lệnh (Hỏa)	103	18	1	230	3	0	2		6000								43200			100
697	Võ Lâm Cao Thủ Lệnh (Thổ)	103	18	1	233	3	0	2		6000								43200			100
698	[Mặt nạ] Ông già Noel	102	1	13	44	1	0	2		5000								43200			
699	[Mặt nạ] Thiếu nữ Noel	102	1	13	45	1	0	2		5000								43200			
700	[Mặt nạ] Phương Hành Giác	102	1	13	48	1	0	2		5000								43200			
701	[Mặt nạ] Khiên Vân Thủ	102	1	13	49	1	0	2		5000								43200			
702	Huân Chương Huy Hoàng	102	18	1	921	1	0	2		125								43200			
703	Thiên lý truyền âm	102	18	1	924	1	0	2		499								43200			
704	Thiên lý truyền âm (lớn)	102	18	1	925	1	0	2		2499								43200			
705	Giống cây lâu năm	102	18	1	295	1	0	2		165								43200			165
706	Than Đá	102	18	1	951	1	0	2		70								43200			
707	Giống cây	102	18	1	953	1	0	2		30								43200			
708	Huyền Chân Đơn	102	18	1	956	1	0	2		12800								43200			
709	Tử Chân Đơn	102	18	1	956	2	0	2		2500								43200			
710	Huyết Chân Đơn	102	18	1	956	3	0	2		6500								43200			
711	Giỏ Hoa Tình (10)	102	18	1	606	1	0	2		500								43200			0
712	Giỏ Hoa Tình (100)	102	18	1	605	1	0	2		5000								43200			0
713	Giỏ Hoa Tình (1000)	102	18	1	607	1	0	2		50000								43200			0
714	Thiên sơn hàn tửu	102	18	1	984	1	0	2		4800								43200			
715	Kỷ niệm chương Thịnh Hạ 2010	102	18	1	669	1	0	2		7000								43200			100
716	Hoàng Kim Tinh Hoa (Cấp 2)	102	18	1	672	1	0	2		100								43200			
717	Tương Tư Thạch	102	18	1	974	1	0	2		59								43200			
718	Ngọc Trúc Mai Hoa	103	17	3	2	7	1	0		5000								0			
719	Trứng gà	102	18	1	681	1	0	2		200								43200			
720	Hạt giống	102	18	1	686	1	0	2		30								43200			
721	Vàng thô	102	18	1	1029	1	0	2		150								43200			
722	Quả xí muội (sơ)	102	18	1	1035	1	0	2		150								43200			
723	Quả xí muội (trung)	102	18	1	1035	2	0	2		150								43200			
724	Quả xí muội (cao)	102	18	1	1035	3	0	2		150								43200			
725	Kim Châu Ngọc Thúy	102	18	1	1023	1	0	2		100								43200			0
726	Bút lông	102	18	1	20045	1	0	2		100								43200			100
727	Bút lông-Vu Lan	102	18	1	20089	1	0	2		150								43200			100
728	Bút lông đặc biệt	102	18	1	1054	1	0	2		100								43200			0
729	Bạch Hổ Đường Truyền Lệnh	102	18	1	1060	1	0	2		800								43200			0
730	Bạch Ngọc 	102	18	1	717	1	0	2		7500								43200			100
731	Que Diêm	102	18	1	1089	1	0	2		50								43200			0
732	Bình rượu	102	18	1	1095	1	0	2		50								43200			0
733	Rượu đào thượng hạng	102	18	1	1098	1	0	2		200								43200			0
734	Thịt Ngỗng	102	18	1	1079	1	0	2		150								43200			0
735	Hàn Vũ Hồn Châu	102	18	1	510	1	0	2		100								43200	29	100000	100
736	Nồi bánh	102	18	1	1121	1	0	2		100								43200			100
737	Mâm vàng	102	18	1	1124	1	0	2		150								43200			100
738	Kỷ niệm cuộc thi Nữ anh hùng [24 ô]	102	18	1	724	1	0	2		50000								43200			100
739	Tuyết Hồn	102	1	12	41	4	0	2		9900								43200			100
740	Tuyết Hồn Lệnh	102	18	1	727	1	0	2		6000								43200			100
741	Hạt hi vọng	102	18	1	1197	1	0	2		100								43200	29	100000	100
742	Băng Cơ Ngọc Liên	102	18	1	648	1	0	2		30000								43200			100
743	Danh Túc Tâm Đắc	102	18	1	649	1	0	2		99								43200			100
744	Tuyết Linh Thạch	102	18	1	962	1	0	2		99								43200			100
745	Kênh phân phối nhiệm vụ tiêu hao vật phẩm	102	18	1	993	1	0	2		1	2							43200			100
746	Kênh phân phối nhiệm vụ tiêu hao vật phẩm	102	18	1	993	2	0	2		10	2							43200			100
747	Kênh phân phối nhiệm vụ tiêu hao vật phẩm	102	18	1	993	3	0	2		100	2							43200			100
748	Kênh phân phối nhiệm vụ tiêu hao vật phẩm	102	18	1	993	4	0	2		1000	2							43200			100
749	Lá dong	102	18	1	1212	1	0	2		150								43200			100
750	Lương khô	102	18	1	1263	1	0	2		100								43200			100
751	Cán cờ	102	18	1	1269	1	0	2		100								43200			100
752	Bách Bảo Cẩm Nang 	102	18	1	1303	1	0	2		150								43200			
753	Lá xanh	102	18	1	1330	1	0	2		100								43200			100
754	Cường Hóa Truyền Phù	102	18	1	1198	1	0	2		10000								43200			100
755	Trang Bị Trọng Chú Phù	102	18	1	1199	1	0	2		10000								43200			100
756	Tần Lăng Truyền Lệnh	102	18	1	20123	1	0	2		1000								43200			100
757	Chân đơn kim bài	102	18	1	1220	1	0	2		10000								43200			100
758	Tân Thủ Kim Bài	102	18	1	20189	1	0	2		10000								43200			100
759	Thẻ may mắn Bạch Kim	102	18	1	20124	1	0	2		10000								43200			100
760	Thẻ may mắn Hoàng Kim	102	18	1	20125	1	0	2		10000								43200			100
761	Thẻ may mắn Bạch Ngân	102	18	1	20126	1	0	2		10000								43200			100
762	Thẻ may mắn Thanh Đồng	102	18	1	20127	1	0	2		10000								43200			100
763	Thẻ Code	102	18	1	20128	1	0	2		10000								43200			100
764	Ngọn lửa Seagame	102	18	1	20171	1	0	2		150								43200			100
765	Thịt gà tây	102	18	1	20198	1	0	2		150								43200			100
766	Pháo hoa Nguyên Đán 2012	102	18	1	20196	1	0	2		200								43200			100
767	Chuông đất	102	18	4	20233	1	0	2		100								43200			100
768	Giấy đỏ	102	18	7	20233	1	0	2		100								43200			100
769	Giấy điệp	102	18	8	20233	1	0	2		100								43200			100
770	Hộp Quà Tết	102	18	1	3039	3	0	2		20000								0			0
771	Tiềm Long Lệnh	102	18	1	20013	2	0	2		10800								43200			100
772	Chí Tôn Lệnh	102	18	1	20013	3	0	2		27771								43200			100
773	Vô Song Lệnh	102	18	1	20013	4	0	2		77143								43200			100
774	Đặc Hiệu Bạch Câu Hoàn	102	18	1	71	4	1	0		1480								43200	53	100000	100
775	Nguyệt ảnh thạch	102	18	1	476	1	0	0		600								0			
776	Lệnh bài chúc phúc (sơ)	103	18	1	212	1	0	0		1600								43200			100
777	Lệnh bài chúc phúc (trung)	103	18	1	212	2	0	0		12650								43200			100
778	Lệnh bài chúc phúc (cao)	103	18	1	212	3	0	0		200000								43200			100
779	Lệnh Bài Nghĩa Quân (x50)	103	18	1	470	1	0	0		400								43200			100
780	Rương Linh Chi Tục Mệnh Hoàn	102	18	1	241	1	0	0		600			1					43200			0
781	Rương Tuyết Sam Phản Khí Hoàn	102	18	1	242	1	0	0		600			1					43200			0
782	Rương Diêu Trì Đại Hoàn Đơn	102	18	1	243	1	0	0		600			1					43200			0
783	Lệnh bài mở rộng rương Lv2	102	18	1	216	2	0	0		7900								43200			
784	Nguyệt ảnh thạch rương	102	18	1	530	1	0	0		10000								0			
785	Nguyệt ảnh nguyên thạch	102	22	1	91	2	0	0		100								0			
1000	Liên Đấu Hắc Thiết Bài	103	18	1	215	1	0	0		2500								0			
1001	Liên Đấu Thanh Đồng Bài	103	18	1	215	2	0	0		5000								0			
1002	Liên Đấu Bạch Ngân Bài	103	18	1	215	3	0	0		7500								0			
1003	Liên Đấu Hoàng Kim Bài	103	18	1	215	4	0	0		150000								0			
1004	Bách Bộ Xuyên Dương Cung	103	18	1	263	1	0	0		3000							0				
1005	Bổ Tu Lệnh	102	18	1	479	1	0	0		10000								0			
1006	Huyết Ảnh Thương	103	18	1	200	1	0	0		5000								0			
1007	Du Long Danh Vọng Lệnh (vé)	103	18	1	534	1	0	0		200000								0			
1008	Tần Lăng-Mạc Kim Phù	103	18	1	366	1	0	0		6000								0			
1009	Bách Bộ Xuyên Dương Cung(x50)	103	18	1	376	1	0	0		150000								0			
1010	Tần Lăng-Mạc Kim Phù(x50)	103	18	1	375	1	0	0		300000								0			
1011	Ốc biển truyền thanh (đại)	102	18	1	113	3	1	0		2000								43200			100
193	Võ Lâm Cao Thủ Lệnh (Kim)	103	18	1	221	3	0	0		6000								43200			100
194	Võ Lâm Cao Thủ Lệnh (Mộc)	103	18	1	224	3	0	0		6000								43200			100
195	Võ Lâm Cao Thủ Lệnh (Thủy)	103	18	1	227	3	0	0		6000								43200			100
196	Võ Lâm Cao Thủ Lệnh (Hỏa)	103	18	1	230	3	0	0		6000								43200			100
197	Võ Lâm Cao Thủ Lệnh (Thổ)	103	18	1	233	3	0	0		6000								43200			100
167	Vạn Vật Quy Nguyên Đơn	102	18	1	384	1	0	0		7200			1								
174	Tần Lăng-Hòa Thị Bích	103	18	1	377	1	0	0		200000								0			100
178	Bách Luyện Hoàn	102	18	1	468	1	0	0		780			1					43200			100
183	Tu Luyện Đơn	102	18	1	258	1	0	0		1800			1					43200			100
127	Bản đồ Vạn Hoa Cốc	103	18	1	245	1	0	0		30000								43200			
128	Lệnh bài Thiên Quỳnh Cung	103	18	1	186	1	0	0		30000								43200			
129	Bồ Đề Quả	102	18	1	564	1	0	0		50000								43200			
130	Thiên Lý Chỉ Khát Đơn	102	18	1	267	1	0	0		10000								43200			
131	Du Tử Hộ Thân Phù	102	18	1	266	1	0	0		10000								43200			
132	Hành Quân Phù Chú	102	18	1	265	1	0	0		10000								43200			
133	Hình Thiên Chiến Bào	102	18	1	264	1	0	0		10000								43200			
134	Độn Giáp Linh Phù	102	18	1	202	1	0	0		10000								43200			
135	Linh Thú Chiến Ngoa	102	18	1	201	1	0	0		10000								43200			
136	Bông Tuyết	102	18	1	3039	2	0	0		20000								0			0
138	Thỏi bạc bang hội (tiểu)	102	18	1	284	1	1	0		1500								43200			100
139	Thỏi bạc bang hội (đại)	102	18	1	284	2	1	0		12500								43200			100
1012	Thương Hải Nguyệt Minh	103	18	1	465	1	0	0		250000								43200			
1013	Thiên lý truyền âm (lớn)	102	18	1	925	1	0	0		2499								43200			
1014	Tiểu Kim Nguyên Bảo	102	18	1	1338	2	1	0		90000								43200			
1015	Đại Kim Nguyên Bảo	102	18	1	1338	1	1	0		900000								43200			
1016	Tiền Du Long	102	18	1	553	1	1	0		1000								0			
1017	Tiền đồng may mắn (tiểu)	102	18	1	1194	1	1	0		10500								0			
1018	Tiền đồng may mắn (trung)	102	18	1	1194	2	1	0		50500								0			
1019	Tiền đồng may mắn (đại)	102	18	1	1194	3	1	0		100500								0			
1020	Chiến Thư Du Long (Rương)	102	18	1	524	5	1	0		40000								0			
1021	Nguyệt Ảnh Thạch (Rương)	102	18	1	1339	1	1	0		60000								0			
1022	Huyền Tinh Cấp 11	101	18	1	1	11	1	2		375000								0			0
1023	Rương Vật Phẩm	102	18	1	3019	1	1	0		10000											
1024	Rương Mảnh Ghép	102	18	1	3046	1	1	0		15000											
1025	Sách Kinh Nghiệm Đồng Hành	102	18	1	543	1	1	0		1000											
1200	Tiền Du Long	102	18	1	553	1	1	2		2000								0			
