MAP_ID	GAMESVR_SET_1	GAMESVR_SET_2	GAMESVR_SET_3	GAMESVR_SET_4	GAMESVR_SET_5	GAMESVR_SET_6	GAMESVR_SET_7	GAMESVR_SET_8	GAMESVR_SET_9	GAMESVR_SET_10	GAMESVR_SET_11	GAMESVR_SET_12	GAMESVR_SET_13	GAMESVR_SET_14	GAMESVR_SET_15	GAMESVR_SET_16	备注
1	1	1	1	1	1	1	1	1	1	1	1	1	1	1	1	1	云中镇
2	1	1	1	1	2	2	2	2	2	2	2	2	2	2	2	2	龙门镇
3	1	1	1	2	3	3	7	3	3	3	3	3	3	3	3	3	永乐镇
4	1	1	2	2	4	4	4	4	4	4	4	4	4	4	4	4	稻香村
5	1	2	3	3	5	5	5	5	5	5	5	5	5	5	5	5	江津村
6	1	2	3	3	3	6	6	6	6	6	6	6	6	6	6	6	石鼓镇
7	1	2	2	4	2	4	3	7	7	7	7	7	7	7	7	7	龙泉村
8	1	2	2	4	5	5	7	8	8	8	8	8	8	8	8	8	巴陵县
9	1	1	1	1	1	1	1	1	1	1	1	1	1	1	1	1	少林派
10	1	1	1	1	1	1	1	1	1	1	1	1	1	1	1	1	天忍教
11	1	1	1	1	1	1	1	1	1	1	1	1	1	1	1	1	萨满教
12	1	1	1	1	2	2	2	2	2	2	2	2	2	2	2	2	昆仑派
13	1	1	1	1	2	2	2	2	2	2	2	2	2	2	2	2	西夏一品堂
14	1	1	1	2	3	3	3	3	3	3	3	3	3	3	3	3	武当派
15	1	1	2	2	4	4	4	4	4	4	4	4	4	4	4	4	丐帮
16	1	2	3	3	5	5	5	5	5	5	5	5	5	5	5	5	峨嵋派
17	1	2	3	3	3	6	6	6	6	6	6	6	6	6	6	6	翠烟门
18	1	2	3	3	3	6	6	6	6	6	6	6	6	6	6	6	唐门
19	1	2	3	3	3	6	2	6	6	6	6	6	6	6	6	6	大理段氏
20	1	2	2	4	2	4	3	7	7	7	7	7	7	7	7	7	五毒教
21	1	2	2	4	2	4	3	7	7	7	7	7	7	7	7	7	长歌门
22	1	2	2	4	5	5	7	8	8	8	8	8	8	8	8	8	天王帮
23	1	1	1	1	1	1	1	1	1	1	1	1	1	1	1	1	汴京府
24	1	1	1	1	2	2	2	2	2	2	2	2	2	2	2	2	凤翔府
25	1	1	1	2	3	3	7	3	3	3	3	3	3	3	3	3	襄阳府
26	1	1	2	2	4	4	4	4	4	4	4	4	4	4	4	4	扬州府
27	1	2	3	3	5	5	5	5	5	5	5	5	5	5	5	5	成都府
28	1	2	3	3	3	6	6	6	6	6	6	6	6	6	6	6	大理府
29	1	2	2	4	2	4	3	7	7	7	7	7	7	7	7	7	临安府
30	1	1	1	1	1	1	1	1	1	1	1	1	1	1	1	1	古战场
31	1	1	1	1	2	2	2	2	2	2	2	2	2	2	2	2	龙门客栈
32	1	1	1	2	3	3	7	3	3	3	3	3	3	3	3	3	军马场
33	1	1	2	2	4	4	4	4	4	4	4	4	4	4	4	4	梅花岭
34	1	2	3	3	5	5	5	5	5	5	5	5	5	5	5	5	长江河谷
35	1	2	3	3	3	6	6	6	6	6	6	6	6	6	6	6	白族市集
36	1	2	2	4	2	4	3	7	7	7	7	7	7	7	7	7	雁荡龙湫
37	1	2	2	4	5	5	7	8	8	8	8	8	8	8	8	8	洞庭湖畔
38	1	1	1	1	1	1	1	1	1	1	1	1	1	1	1	1	镇东墓园
39	1	1	1	1	2	2	2	2	2	2	2	2	2	2	2	2	祁连山
40	1	1	1	2	3	3	7	3	3	3	3	3	3	3	3	3	潼关
41	1	1	2	2	4	4	4	4	4	4	4	4	4	4	4	4	淮水沙洲
42	1	2	3	3	5	5	5	5	5	5	5	5	5	5	5	5	蜀南竹海
43	1	2	3	3	3	6	6	6	6	6	6	6	6	6	6	6	茶马古道
44	1	2	2	4	2	4	3	7	7	7	7	7	7	7	7	7	铸剑坊
45	1	2	2	4	5	5	7	8	8	8	8	8	8	8	8	8	岳阳楼
46	1	1	1	1	1	1	1	1	1	1	1	1	1	1	1	1	后山禁地
47	1	1	1	1	1	1	1	1	1	1	1	1	1	1	1	1	天忍教禁地
48	1	1	1	1	2	2	2	2	2	2	2	2	2	2	2	2	见性峰
49	1	1	1	2	3	3	3	3	3	3	3	3	3	3	3	3	天柱峰
50	1	1	2	2	4	4	4	4	4	4	4	4	4	4	4	4	姑苏水榭
51	1	2	3	3	5	5	5	5	5	5	5	5	5	5	5	5	九老峰
52	1	2	3	3	3	6	6	6	6	6	6	6	6	6	6	6	百花谷
53	1	2	3	3	3	6	6	6	6	6	6	6	6	6	6	6	翡翠湖
54	1	2	2	4	2	4	3	7	7	7	7	7	7	7	7	7	南夷部落
55	1	2	2	4	5	5	7	8	8	8	8	8	8	8	8	8	青螺岛
56	1	1	1	1	1	1	1	1	1	1	1	1	1	1	1	1	塔林东部
57	1	1	1	1	1	1	1	1	1	1	1	1	1	1	1	1	金国皇陵一层
58	1	1	1	1	2	2	2	2	2	2	2	2	2	2	2	2	冰穴迷宫一层
59	1	1	1	2	3	3	2	3	3	3	3	3	3	3	3	3	龙虎幻境东部
60	1	1	2	2	4	4	4	4	4	4	4	4	4	4	4	4	燕子坞外围
61	1	2	3	3	5	5	5	5	5	5	5	5	5	5	5	5	九老洞一层
62	1	2	3	3	3	6	6	6	6	6	6	6	6	6	6	6	百花阵外阵
63	1	2	3	3	3	6	6	6	6	6	6	6	6	6	6	6	湖畔竹林东部
64	1	2	2	4	2	4	3	7	7	7	7	7	7	7	7	7	原始森林东部
65	1	2	2	4	5	5	7	8	8	8	8	8	8	8	8	8	芦苇荡东南部
66	1	1	1	1	1	1	1	1	1	1	1	1	1	1	1	1	塔林西部
67	1	1	1	1	1	1	1	1	1	1	1	1	1	1	1	1	金国皇陵二层
68	1	1	1	1	2	2	2	2	2	2	2	2	2	2	2	2	冰穴迷宫二层
69	1	1	1	2	3	3	2	3	3	3	3	3	3	3	3	3	龙虎幻境西部
70	1	1	2	2	4	4	4	4	4	4	4	4	4	4	4	4	燕子坞中段
71	1	2	3	3	5	5	5	5	5	5	5	5	5	5	5	5	九老洞二层
72	1	2	3	3	3	6	6	6	6	6	6	6	6	6	6	6	百花阵内阵
73	1	2	3	3	3	6	6	6	6	6	6	6	6	6	6	6	湖畔竹林西部
74	1	2	2	4	2	4	3	7	7	7	7	7	7	7	7	7	原始森林西部
75	1	2	2	4	5	5	5	8	8	8	8	8	8	8	8	8	芦苇荡西北部
76	1	1	1	1	1	1	1	1	1	1	1	1	1	1	1	1	塔林中部
77	1	1	1	1	1	1	1	1	1	1	1	1	1	1	1	1	金国皇陵三层
78	1	1	1	1	2	2	2	2	2	2	2	2	2	2	2	2	冰穴迷宫三层
79	1	1	1	2	3	3	3	3	3	3	3	3	3	3	3	3	龙虎幻境中部
80	1	1	2	2	4	4	4	4	4	4	4	4	4	4	4	4	燕子坞内部
81	1	2	3	3	5	5	5	5	5	5	5	5	5	5	5	5	九老洞三层
82	1	2	3	3	3	6	6	6	6	6	6	6	6	6	6	6	百花阵阵眼
83	1	2	3	3	3	6	6	6	6	6	6	6	6	6	6	6	湖畔竹林中部
84	1	2	2	4	2	4	3	7	7	7	7	7	7	7	7	7	原始森林中部
85	1	2	2	4	5	5	7	8	8	8	8	8	8	8	8	8	芦苇荡中部
86	1	1	1	1	1	1	1	1	1	1	1	1	1	1	1	1	太行古径
87	1	1	1	1	2	2	2	2	2	2	2	2	2	2	2	2	大散关
88	1	1	1	2	3	3	7	3	3	3	3	3	3	3	3	3	汉水古渡
89	1	1	2	2	4	4	4	4	4	4	4	4	4	4	4	4	寒山古刹
90	1	2	3	3	5	5	5	5	5	5	5	5	5	5	5	5	浣花溪
91	1	2	3	3	3	6	6	6	6	6	6	6	6	6	6	6	洱海摩岩
92	1	2	2	4	2	4	3	7	7	7	7	7	7	7	7	7	采石矶
93	1	1	1	1	1	1	1	1	1	1	1	1	1	1	1	1	药王洞
94	1	1	1	1	2	2	2	2	2	2	2	2	2	2	2	2	居延泽
95	1	1	1	2	3	3	7	3	3	3	3	3	3	3	3	3	伏牛山
96	1	1	2	2	4	4	4	4	4	4	4	4	4	4	4	4	虎丘剑池
97	1	2	3	3	5	5	5	5	5	5	5	5	5	5	5	5	响水洞
98	1	2	3	3	3	6	6	6	6	6	6	6	6	6	6	6	点苍山
99	1	2	2	4	2	4	3	7	7	7	7	7	7	7	7	7	彭蠡古泽
100	1	1	1	1	1	1	1	1	1	1	1	1	1	1	1	1	风陵渡
101	1	1	1	1	2	2	2	2	2	2	2	2	2	2	2	2	沙漠迷宫
102	1	1	1	2	3	3	7	3	3	3	3	3	3	3	3	3	鸡冠洞
103	1	1	2	2	4	4	4	4	4	4	4	4	4	4	4	4	蜀冈山
104	1	2	3	3	5	5	5	5	5	5	5	5	5	5	5	5	剑阁蜀道
105	1	2	3	3	3	6	6	6	6	6	6	6	6	6	6	6	段氏皇陵
106	1	2	2	4	2	4	3	7	7	7	7	7	7	7	7	7	九嶷溪
107	1	1	1	1	1	1	1	1	1	1	1	1	1	1	1	1	龙门石窟
108	1	1	1	1	2	2	2	2	2	2	2	2	2	2	2	2	西夏皇陵
109	1	1	1	2	3	3	7	3	3	3	3	3	3	3	3	3	黄鹤楼
110	1	1	2	2	4	4	4	4	4	4	4	4	4	4	4	4	荐菊洞
111	1	2	3	3	5	5	5	5	5	5	5	5	5	5	5	5	剑门关
112	1	2	3	3	3	6	6	6	6	6	6	6	6	6	6	6	天龙寺
113	1	2	2	4	2	4	3	7	7	7	7	7	7	7	7	7	帮源秘洞
114	1	1	1	1	1	1	1	1	1	1	1	1	1	1	1	1	敕勒川
115	1	1	1	1	2	2	2	2	2	2	2	2	2	2	2	2	嘉峪关
116	1	1	1	2	3	3	7	3	3	3	3	3	3	3	3	3	华山
117	1	1	2	2	4	4	4	4	4	4	4	4	4	4	4	4	蜀冈秘境
118	1	2	3	3	5	5	5	5	5	5	5	5	5	5	5	5	丰都鬼城
119	1	2	3	3	3	6	6	6	6	6	6	6	6	6	6	6	苗岭
120	1	2	2	4	2	4	3	7	7	7	7	7	7	7	7	7	武夷山
121	1	2	2	4	5	5	7	8	8	8	8	8	8	8	8	8	武陵山
122	1	1	1	1	1	1	1	1	1	1	1	1	1	1	1	1	漠北草原
123	1	1	1	1	2	2	2	2	2	2	2	2	2	2	2	2	敦煌古城
124	1	1	1	2	3	3	7	3	3	3	3	3	3	3	3	3	活死人墓
125	1	1	2	2	4	4	4	4	4	4	4	4	4	4	4	4	大禹台
126	1	2	3	3	5	5	5	5	5	5	5	5	5	5	5	5	三峡栈道
127	1	2	3	3	3	6	6	6	6	6	6	6	6	6	6	6	蚩尤洞
128	1	2	2	4	2	4	3	7	7	7	7	7	7	7	7	7	锁云渊
129	1	2	2	4	5	5	7	8	8	8	8	8	8	8	8	8	伏流洞
130	1	1	1	1	1	1	1	1	1	1	1	1	1	1	1	1	蒙古王庭
131	1	1	1	1	2	2	2	2	2	2	2	2	2	2	2	2	月牙泉
132	1	1	1	2	3	3	7	3	3	3	3	3	3	3	3	3	阿房宫废墟
133	1	1	2	2	4	4	4	4	4	4	4	4	4	4	4	4	梁山泊
134	1	2	3	3	5	5	5	5	5	5	5	5	5	5	5	5	神女峰
135	1	2	3	3	3	6	6	6	6	6	6	6	6	6	6	6	夜郎旧墟
136	1	2	2	4	2	4	3	7	7	7	7	7	7	7	7	7	鼓浪屿
137	1	2	2	4	5	5	7	8	8	8	8	8	8	8	8	8	桃花源
138	1	1	1	1	1	1	1	1	1	1	1	1	1	1	1	1	云中镇_室内
139	1	1	1	1	2	2	2	2	2	2	2	2	2	2	2	2	龙门镇_室内
140	1	1	1	2	3	3	7	3	3	3	3	3	3	3	3	3	永乐镇_室内
141	1	1	2	2	4	4	4	4	4	4	4	4	4	4	4	4	稻香村_室内
142	1	2	3	3	5	5	5	5	5	5	5	5	5	5	5	5	江津村_室内
143	1	2	3	3	3	6	6	6	6	6	6	6	6	6	6	6	江津村_室内
144	1	2	2	4	2	4	3	7	7	7	7	7	7	7	7	7	龙泉村_室内
145	1	2	2	4	5	5	7	8	8	8	8	8	8	8	8	8	巴陵县_室内
146	1	1	1	1	1	1	1	1	1	1	1	1	1	1	1	1	少林派_室内
147	1	1	1	1	1	1	1	1	1	1	1	1	1	1	1	1	天忍教_室内
148	1	1	1	1	1	1	1	1	1	1	1	1	1	1	1	1	萨满教_室内
149	1	1	1	1	2	2	2	2	2	2	2	2	2	2	2	2	昆仑派_室内
150	1	1	1	1	2	2	2	2	2	2	2	2	2	2	2	2	西夏一品堂_室内
151	1	1	1	2	3	3	3	3	3	3	3	3	3	3	3	3	武当派_室内
152	1	1	2	2	4	4	4	4	4	4	4	4	4	4	4	4	丐帮_室内
153	1	2	3	3	5	5	5	5	5	5	5	5	5	5	5	5	峨嵋派_室内
154	1	2	3	3	3	6	6	6	6	6	6	6	6	6	6	6	翠烟门_室内
155	1	2	3	3	3	6	6	6	6	6	6	6	6	6	6	6	唐门_室内
156	1	2	3	3	3	6	2	6	6	6	6	6	6	6	6	6	大理段氏_室内
157	1	2	2	4	2	4	3	7	7	7	7	7	7	7	7	7	五毒教_室内
158	1	2	2	4	2	4	3	7	7	7	7	7	7	7	7	7	长歌门_室内
159	1	2	2	4	5	5	7	8	8	8	8	8	8	8	8	8	天王帮_室内
160	1	1	1	1	1	1	1	1	1	1	1	1	1	1	1	1	汴京府_室内
161	1	1	1	1	2	2	2	2	2	2	2	2	2	2	2	2	凤翔府_室内
162	1	1	1	2	3	3	7	3	3	3	3	3	3	3	3	3	襄阳府_室内
163	1	1	2	2	4	4	4	4	4	4	4	4	4	4	4	4	扬州府_室内
164	1	2	3	3	5	5	5	5	5	5	5	5	5	5	5	5	成都府_室内
165	1	2	3	3	3	6	6	6	6	6	6	6	6	6	6	6	大理府_室内
166	1	2	2	4	2	4	3	7	7	7	7	7	7	7	7	7	临安府_室内
167	1	1	1	1	1	1	1	1	1	1	1	1	1	1	1	1	武林擂台(汴京)
168	1	1	1	1	2	2	2	2	2	2	2	2	2	2	2	2	武林擂台(凤翔)
169	1	1	1	2	3	3	7	3	3	3	3	3	3	3	3	3	武林擂台(襄阳)
170	1	1	2	2	4	4	4	4	4	4	4	4	4	4	4	4	武林擂台(扬州)
171	1	2	3	3	5	5	5	5	5	5	5	5	5	5	5	5	武林擂台(成都)
172	1	2	3	3	3	6	6	6	6	6	6	6	6	6	6	6	武林擂台(大理)
173	1	2	2	4	2	4	3	7	7	7	7	7	7	7	7	7	武林擂台(临安)
174	1	1	1	1	1	1	1	1	1	1	1	1	1	1	1	1	铁索栈桥(汴京)
175	1	1	1	1	2	2	2	2	2	2	2	2	2	2	2	2	铁索栈桥(凤翔)
176	1	1	1	2	3	3	7	3	3	3	3	3	3	3	3	3	铁索栈桥(襄阳)
177	1	1	2	2	4	4	4	4	4	4	4	4	4	4	4	4	铁索栈桥(扬州)
178	1	2	3	3	5	5	5	5	5	5	5	5	5	5	5	5	铁索栈桥(成都)
179	1	2	3	3	3	6	6	6	6	6	6	6	6	6	6	6	铁索栈桥(大理)
180	1	2	2	4	2	4	3	7	7	7	7	7	7	7	7	7	铁索栈桥(临安)
181	1	1	1	1	4	4	4	4	4	4	4	4	4	4	4	4	战场报名点_宋(扬州一)
182	1	2	2	2	2	1	2	2	2	2	2	2	2	2	2	2	战场报名点_宋(凤翔一)
183	1	2	3	3	5	6	7	8	8	8	8	8	8	8	8	8	战场报名点_宋(襄阳一)
184	1	1	1	1	4	4	4	4	4	4	4	4	4	4	4	4	战场报名点_金(扬州一)
185	1	2	2	2	2	1	2	2	2	2	2	2	2	2	2	2	战场报名点_金(凤翔一)
186	1	2	3	3	5	6	7	8	8	8	8	8	8	8	8	8	战场报名点_金(襄阳一)
187	1	1	1	1	4	4	4	4	4	4	4	4	4	4	4	4	九曲之战(扬州一)
188	1	2	2	2	2	1	2	2	2	2	2	2	2	2	2	2	九曲之战(凤翔一)
189	1	2	3	3	5	6	7	8	8	8	8	8	8	8	8	8	九曲之战(襄阳一)
190	1	1	1	1	4	4	4	4	4	4	4	4	4	4	4	4	五丈原之战(扬州一)
191	1	2	2	2	2	1	2	2	2	2	2	2	2	2	2	2	五丈原之战(凤翔一)
192	1	2	3	3	5	6	7	8	8	8	8	8	8	8	8	8	五丈原之战(襄阳一)
193	1	1	1	1	4	4	4	4	4	4	4	4	4	4	4	4	蟠龙谷之战(扬州一)
194	1	2	2	2	2	1	2	2	2	2	2	2	2	2	2	2	蟠龙谷之战(凤翔一)
195	1	2	3	3	5	6	7	8	8	8	8	8	8	8	8	8	蟠龙谷之战(襄阳一)
196	1	1	1	1	2	2	2	2	2	2	2	2	2	2	2	2	见性峰_室内
197	1	2	3	3	5	5	5	5	5	5	5	5	5	5	5	5	九老峰_室内
198	1	2	2	4	5	5	7	8	8	8	8	8	8	8	8	8	青螺岛_室内
199	1	1	1	2	3	3	3	3	3	3	3	3	3	3	3	3	龙虎幻境东部_室内
200	1	1	2	2	4	4	4	4	4	4	4	4	4	4	4	4	燕子坞外围_室内
201	1	2	3	3	3	6	6	6	6	6	6	6	6	6	6	6	湖畔竹林东部_室内
202	1	1	1	1	1	1	1	1	1	1	1	1	1	1	1	1	塔林西部_室内
203	1	1	1	1	1	1	1	1	1	1	1	1	1	1	1	1	金国皇陵二层_室内
204	1	2	3	3	3	6	6	6	6	6	6	6	6	6	6	6	百花阵内阵_室内
205	1	2	2	4	2	4	3	7	7	7	7	7	7	7	7	7	原始森林西部_室内
206	1	1	1	1	2	2	2	2	2	2	2	2	2	2	2	2	大散关_室内
207	1	1	1	2	3	3	7	3	3	3	3	3	3	3	3	3	汉水古渡_室内
208	1	2	3	3	5	5	5	5	5	5	5	5	5	5	5	5	浣花溪_室内
209	1	2	3	3	3	6	6	6	6	6	6	6	6	6	6	6	洱海摩岩_室内
210	1	1	1	1	2	2	2	2	2	2	2	2	2	2	2	2	居延泽_室内
211	1	1	1	2	3	3	7	3	3	3	3	3	3	3	3	3	伏牛山_室内
212	1	2	3	3	3	6	6	6	6	6	6	6	6	6	6	6	点苍山_室内
213	1	2	2	4	2	4	3	7	7	7	7	7	7	7	7	7	彭蠡古泽_室内
214	1	1	1	1	2	2	2	2	2	2	2	2	2	2	2	2	沙漠迷宫_室内
215	1	1	1	2	3	3	7	3	3	3	3	3	3	3	3	3	鸡冠洞_室内
216	1	2	3	3	5	5	5	5	5	5	5	5	5	5	5	5	剑阁蜀道_室内
217	1	2	2	4	2	4	3	7	7	7	7	7	7	7	7	7	九嶷溪_室内
218	1	1	1	1	1	1	1	1	1	1	1	1	1	1	1	1	龙门石窟_室内
219	1	1	1	1	2	2	2	2	2	2	2	2	2	2	2	2	西夏皇陵_室内
220	1	2	3	3	3	6	6	6	6	6	6	6	6	6	6	6	天龙寺_室内
221	1	2	2	4	2	4	3	7	7	7	7	7	7	7	7	7	帮源秘洞_室内
222	1	1	1	1	1	1	1	1	1	1	1	1	1	1	1	1	汴京府大牢
223	1	2	2	4	2	4	3	7	7	7	7	7	7	7	7	7	临安府大牢
224	1	2	2	4	2	4	7	7	7	7	7	7	7	7	7	7	明教
225	1	1	1	2	3	3	6	3	3	3	3	3	3	3	3	3	白虎堂大殿(初级一)
226	1	1	1	2	3	3	6	3	3	3	3	3	3	3	3	3	白虎堂一层_东(初级一)
227	1	1	1	2	3	3	6	3	3	3	3	3	3	3	3	3	白虎堂一层_南(初级一)
228	1	1	1	2	3	3	6	3	3	3	3	3	3	3	3	3	白虎堂一层_西(初级一)
229	1	1	1	2	3	3	6	3	3	3	3	3	3	3	3	3	白虎堂一层_北(初级一)
230	1	1	1	2	3	3	6	3	3	3	3	3	3	3	3	3	白虎堂二层_阴(初级一)
231	1	1	1	2	3	3	6	3	3	3	3	3	3	3	3	3	白虎堂二层_阳(初级一)
232	1	1	1	2	3	3	6	3	3	3	3	3	3	3	3	3	白虎堂三层(初级一)
233	1	2	3	3	5	2	5	5	5	5	5	5	5	5	5	5	白虎堂大殿(高级)
234	1	2	3	3	5	2	5	5	5	5	5	5	5	5	5	5	白虎堂一层_东(高级)
235	1	2	3	3	5	2	5	5	5	5	5	5	5	5	5	5	白虎堂一层_南(高级)
236	1	2	3	3	5	2	5	5	5	5	5	5	5	5	5	5	白虎堂一层_西(高级)
237	1	2	3	3	5	2	5	5	5	5	5	5	5	5	5	5	白虎堂一层_北(高级)
238	1	2	3	3	5	2	5	5	5	5	5	5	5	5	5	5	白虎堂二层_阴(高级)
239	1	2	3	3	5	2	5	5	5	5	5	5	5	5	5	5	白虎堂二层_阳(高级)
240	1	2	3	3	5	2	5	5	5	5	5	5	5	5	5	5	白虎堂三层(高级)
241	1	1	1	1	1	1	1	1	1	1	1	1	1	1	1	1	门派竞技场(少林)
242	1	2	2	4	5	5	7	8	8	8	8	8	8	8	8	8	门派竞技场(天王)
243	1	2	3	3	3	6	6	6	6	6	6	6	6	6	6	6	门派竞技场(唐门)
244	1	2	2	4	2	4	3	7	7	7	7	7	7	7	7	7	门派竞技场(五毒)
245	1	2	3	3	5	5	5	5	5	5	5	5	5	5	5	5	门派竞技场(峨嵋)
246	1	2	3	3	3	6	6	6	6	6	6	6	6	6	6	6	门派竞技场(翠烟)
247	1	1	2	2	4	4	4	4	4	4	4	4	4	4	4	4	门派竞技场(丐帮)
248	1	1	1	1	1	1	1	1	1	1	1	1	1	1	1	1	门派竞技场(天忍)
249	1	1	1	2	3	3	3	3	3	3	3	3	3	3	3	3	门派竞技场(武当)
250	1	1	1	1	2	2	2	2	2	2	2	2	2	2	2	2	门派竞技场(昆仑)
251	1	2	2	4	2	4	7	7	7	7	7	7	7	7	7	7	门派竞技场(明教)
252	1	2	3	3	3	6	2	6	6	6	6	6	6	6	6	6	门派竞技场(段氏)
255	1	1	2	2	4	1	4	4	4	4	4	4	4	4	4	4	洗髓岛
256	1	1	2	2	4	1	4	4	4	4	4	4	4	4	4	4	洗髓岛山洞
257	1	1	1	1	1	2	1	1	1	1	1	1	1	1	1	1	战场报名点_宋(扬州二)
258	1	2	2	4	2	5	3	7	7	7	7	7	7	7	7	7	战场报名点_宋(凤翔二)
259	1	2	3	3	5	3	6	8	8	8	8	8	8	8	8	8	战场报名点_宋(襄阳二)
260	1	1	1	1	1	2	1	1	1	1	1	1	1	1	1	1	战场报名点_金(扬州二)
261	1	2	2	4	2	5	3	7	7	7	7	7	7	7	7	7	战场报名点_金(凤翔二)
262	1	2	3	3	5	3	6	8	8	8	8	8	8	8	8	8	战场报名点_金(襄阳二)
263	1	1	1	1	1	2	1	1	1	1	1	1	1	1	1	1	九曲之战(扬州二)
264	1	2	2	4	2	5	3	7	7	7	7	7	7	7	7	7	九曲之战(凤翔二)
265	1	2	3	3	5	3	6	8	8	8	8	8	8	8	8	8	九曲之战(襄阳二)
266	1	1	1	1	1	2	1	1	1	1	1	1	1	1	1	1	五丈原之战(扬州二)
267	1	2	2	4	2	5	3	7	7	7	7	7	7	7	7	7	五丈原之战(凤翔二)
268	1	2	3	3	5	3	6	8	8	8	8	8	8	8	8	8	五丈原之战(襄阳二)
269	1	1	1	1	1	2	1	1	1	1	1	1	1	1	1	1	蟠龙谷之战(扬州二)
270	1	2	2	4	2	5	3	7	7	7	7	7	7	7	7	7	蟠龙谷之战(凤翔二)
271	1	2	3	3	5	3	6	8	8	8	8	8	8	8	8	8	蟠龙谷之战(襄阳二)
274	1	1	1	1	2	2	2	2	2	2	2	2	2	2	2	2	白虎堂大殿(初级二)
275	1	1	1	1	2	2	2	2	2	2	2	2	2	2	2	2	白虎堂一层_东(初级二)
276	1	1	1	1	2	2	2	2	2	2	2	2	2	2	2	2	白虎堂一层_南(初级二)
277	1	1	1	1	2	2	2	2	2	2	2	2	2	2	2	2	白虎堂一层_西(初级二)
278	1	1	1	1	2	2	2	2	2	2	2	2	2	2	2	2	白虎堂一层_北(初级二)
279	1	1	1	1	2	2	2	2	2	2	2	2	2	2	2	2	白虎堂二层_阴(初级二)
280	1	1	1	1	2	2	2	2	2	2	2	2	2	2	2	2	白虎堂二层_阳(初级二)
281	1	1	1	1	2	2	2	2	2	2	2	2	2	2	2	2	白虎堂三层(初级二)
282	1	2	3	3	5	5	5	5	5	5	5	5	5	5	5	5	战场报名点_宋(扬州三)
283	1	2	3	3	5	5	5	5	5	5	5	5	5	5	5	5	战场报名点_金(扬州三)
284	1	2	3	3	5	5	5	5	5	5	5	5	5	5	5	5	九曲之战(扬州三)
285	1	2	3	3	5	5	5	5	5	5	5	5	5	5	5	5	五丈原之战(扬州三)
286	1	2	3	3	5	5	5	5	5	5	5	5	5	5	5	5	蟠龙谷之战(扬州三)
298	1	1	1	1	1	1	1	1	1	1	1	1	1	1	1	1	逍遥谷
299	1	1	1	1	1	1	1	1	1	1	1	1	1	1	1	1	逍遥谷
300	1	1	1	1	1	1	1	1	1	1	1	1	1	1	1	1	逍遥谷
301	1	1	1	1	1	1	1	1	1	1	1	1	1	1	1	1	逍遥谷
302	1	1	1	1	1	1	1	1	1	1	1	1	1	1	1	1	逍遥谷
303	1	1	1	1	2	2	2	2	2	2	2	2	2	2	2	2	逍遥谷
304	1	1	1	1	2	2	2	2	2	2	2	2	2	2	2	2	逍遥谷
305	1	1	1	1	2	2	2	2	2	2	2	2	2	2	2	2	逍遥谷
306	1	1	1	1	2	2	2	2	2	2	2	2	2	2	2	2	逍遥谷
307	1	1	1	1	2	2	2	2	2	2	2	2	2	2	2	2	逍遥谷
308	1	1	1	2	3	3	7	3	3	3	3	3	3	3	3	3	逍遥谷
309	1	1	1	2	3	3	7	3	3	3	3	3	3	3	3	3	逍遥谷
310	1	1	1	2	3	3	7	3	3	3	3	3	3	3	3	3	逍遥谷
311	1	1	1	2	3	3	7	3	3	3	3	3	3	3	3	3	逍遥谷
312	1	1	1	2	3	3	7	3	3	3	3	3	3	3	3	3	逍遥谷
313	1	1	2	2	4	4	4	4	4	4	4	4	4	4	4	4	逍遥谷
314	1	1	2	2	4	4	4	4	4	4	4	4	4	4	4	4	逍遥谷
315	1	1	2	2	4	4	4	4	4	4	4	4	4	4	4	4	逍遥谷
316	1	1	2	2	4	4	4	4	4	4	4	4	4	4	4	4	逍遥谷
317	1	1	2	2	4	4	4	4	4	4	4	4	4	4	4	4	逍遥谷
318	1	2	3	3	5	5	5	5	5	5	5	5	5	5	5	5	逍遥谷
319	1	2	3	3	5	5	5	5	5	5	5	5	5	5	5	5	逍遥谷
320	1	2	3	3	5	5	5	5	5	5	5	5	5	5	5	5	逍遥谷
321	1	2	3	3	5	5	5	5	5	5	5	5	5	5	5	5	逍遥谷
322	1	2	3	3	5	5	5	5	5	5	5	5	5	5	5	5	逍遥谷
323	1	2	3	3	3	6	6	6	6	6	6	6	6	6	6	6	逍遥谷
324	1	2	3	3	3	6	6	6	6	6	6	6	6	6	6	6	逍遥谷
325	1	2	3	3	3	6	6	6	6	6	6	6	6	6	6	6	逍遥谷
326	1	2	3	3	3	6	6	6	6	6	6	6	6	6	6	6	逍遥谷
327	1	2	3	3	3	6	6	6	6	6	6	6	6	6	6	6	逍遥谷
328	1	2	2	4	2	4	3	7	7	7	7	7	7	7	7	7	逍遥谷
329	1	2	2	4	2	4	3	7	7	7	7	7	7	7	7	7	逍遥谷
330	1	2	2	4	2	4	3	7	7	7	7	7	7	7	7	7	逍遥谷
331	1	2	2	4	2	4	3	7	7	7	7	7	7	7	7	7	逍遥谷
332	1	2	2	4	2	4	3	7	7	7	7	7	7	7	7	7	逍遥谷
333	1	2	2	4	5	5	7	8	8	8	8	8	8	8	8	8	白虎堂大殿(初级三)
334	1	2	2	4	5	5	7	8	8	8	8	8	8	8	8	8	白虎堂一层_东(初级三)
335	1	2	2	4	5	5	7	8	8	8	8	8	8	8	8	8	白虎堂一层_南(初级三)
336	1	2	2	4	5	5	7	8	8	8	8	8	8	8	8	8	白虎堂一层_西(初级三)
337	1	2	2	4	5	5	7	8	8	8	8	8	8	8	8	8	白虎堂一层_北(初级三)
338	1	2	2	4	5	5	7	8	8	8	8	8	8	8	8	8	白虎堂二层_阴(初级三)
339	1	2	2	4	5	5	7	8	8	8	8	8	8	8	8	8	白虎堂二层_阳(初级三)
340	1	2	2	4	5	5	7	8	8	8	8	8	8	8	8	8	白虎堂三层(初级三)
341	1	1	1	1	1	1	1	1	1	1	1	1	1	1	1	1	逍遥谷报名点1
342	1	2	2	4	2	4	3	7	7	7	7	7	7	7	7	7	逍遥谷报名点2
399	1	2	3	3	5	5	5	5	5	5	5	5	5	5	5	5	天牢
400	1	2	2	4	5	5	7	8	8	8	8	8	8	8	8	8	船舱1层
401	1	2	2	4	5	5	7	8	8	8	8	8	8	8	8	8	船舱2层
402	1	2	2	4	5	5	7	8	8	8	8	8	8	8	8	8	船舱3层
403	1	2	2	4	5	5	7	8	8	8	8	8	8	8	8	8	裴翼飞房间
404	1	2	2	4	5	5	7	8	8	8	8	8	8	8	8	8	裘止水房间
405	1	1	2	2	4	4	4	4	4	4	4	4	4	4	4	4	外英雄冢
406	1	1	2	2	4	4	4	4	4	4	4	4	4	4	4	4	鹰隼角
407	1	1	2	2	4	4	4	4	4	4	4	4	4	4	4	4	猛虎巷
408	1	1	2	2	4	4	4	4	4	4	4	4	4	4	4	4	猴岛
409	1	1	2	2	4	4	4	4	4	4	4	4	4	4	4	4	滴水洞
410	1	1	2	2	4	4	4	4	4	4	4	4	4	4	4	4	藏云轩
411	1	1	2	2	4	4	4	4	4	4	4	4	4	4	4	4	长江别院
412	1	2	2	4	2	4	3	7	7	7	7	7	7	7	7	7	赤练蛇洞
413	1	2	2	4	2	4	3	7	7	7	7	7	7	7	7	7	灯煞口
414	1	2	2	4	2	4	3	7	7	7	7	7	7	7	7	7	甘露谷1层
415	1	2	2	4	2	4	3	7	7	7	7	7	7	7	7	7	甘露谷2层
416	1	2	2	4	2	4	3	7	7	7	7	7	7	7	7	7	甘露谷尽头
417	1	2	2	4	2	4	3	7	7	7	7	7	7	7	7	7	甘露谷尽头
418	1	2	2	4	2	4	3	7	7	7	7	7	7	7	7	7	问心阁
419	1	2	2	4	2	4	3	7	7	7	7	7	7	7	7	7	问心阁
420	1	2	2	4	2	4	3	7	7	7	7	7	7	7	7	7	聚义厅
421	1	2	2	4	2	4	3	7	7	7	7	7	7	7	7	7	女巫窝棚
422	1	2	2	4	2	4	3	7	7	7	7	7	7	7	7	7	殷童房间
423	1	2	2	4	2	4	3	7	7	7	7	7	7	7	7	7	殷方房间
424	1	2	2	4	2	4	3	7	7	7	7	7	7	7	7	7	灯煞口岗楼
425	1	2	2	4	2	4	3	7	7	7	7	7	7	7	7	7	木氏居所
426	1	2	2	4	2	4	3	7	7	7	7	7	7	7	7	7	葛霞岭尽头
427	1	2	2	4	2	4	3	7	7	7	7	7	7	7	7	7	葛霞岭尽头
428	1	1	1	1	2	2	2	2	2	2	2	2	2	2	2	2	石像迷宫_1层
429	1	1	1	1	2	2	2	2	2	2	2	2	2	2	2	2	石像迷宫_2层
430	1	1	1	1	2	2	2	2	2	2	2	2	2	2	2	2	石像迷宫_3层
431	1	1	1	1	2	2	2	2	2	2	2	2	2	2	2	2	阴山别院
432	1	1	1	1	2	2	2	2	2	2	2	2	2	2	2	2	阴山别院
433	1	1	1	2	3	3	2	3	3	3	3	3	3	3	3	3	解剑池
434	1	1	1	2	3	3	2	3	3	3	3	3	3	3	3	3	青虚真室
435	1	1	1	2	3	3	2	3	3	3	3	3	3	3	3	3	青虚真室
436	1	1	1	2	3	3	2	3	3	3	3	3	3	3	3	3	云麓水居
437	1	1	1	2	3	3	2	3	3	3	3	3	3	3	3	3	云麓水居
438	1	1	1	2	3	3	2	3	3	3	3	3	3	3	3	3	云麓水居
439	1	1	1	2	3	3	2	3	3	3	3	3	3	3	3	3	陶永昌居所
440	1	1	1	2	3	3	2	3	3	3	3	3	3	3	3	3	陶永昌居所
441	1	1	1	2	3	3	2	3	3	3	3	3	3	3	3	3	陶永昌居所
442	1	1	1	2	3	3	2	3	3	3	3	3	3	3	3	3	陶永昌居所
443	1	1	1	2	3	3	2	3	3	3	3	3	3	3	3	3	魏长风居所
444	1	1	1	1	1	1	1	1	1	1	1	1	1	1	1	1	金刚岭
445	1	1	1	1	1	1	1	1	1	1	1	1	1	1	1	1	金刚岭
446	1	1	1	1	1	1	1	1	1	1	1	1	1	1	1	1	初祖庵
447	1	1	1	1	1	1	1	1	1	1	1	1	1	1	1	1	粥铺
448	1	1	1	1	1	1	1	1	1	1	1	1	1	1	1	1	回风角草堂
449	1	1	1	1	1	1	1	1	1	1	1	1	1	1	1	1	回风角草堂
450	1	1	1	1	1	1	1	1	1	1	1	1	1	1	1	1	玄字牢
451	1	1	1	1	1	1	1	1	1	1	1	1	1	1	1	1	兀萨居所
452	1	1	1	1	1	1	1	1	1	1	1	1	1	1	1	1	天刑殿
453	1	1	1	1	1	1	1	1	1	1	1	1	1	1	1	1	中成殿
454	1	2	3	3	5	5	5	5	5	5	5	5	5	5	5	5	行在内营
455	1	2	3	3	5	5	5	5	5	5	5	5	5	5	5	5	中军大帐
456	1	2	3	3	5	5	5	5	5	5	5	5	5	5	5	5	慈云庵
457	1	2	3	3	5	5	5	5	5	5	5	5	5	5	5	5	仇雪卧室
458	1	2	3	3	3	6	6	6	6	6	6	6	6	6	6	6	见龙洞
459	1	2	3	3	3	6	6	6	6	6	6	6	6	6	6	6	布衣阁
460	1	2	3	3	3	6	6	6	6	6	6	6	6	6	6	6	布衣阁
461	1	2	3	3	3	6	6	6	6	6	6	6	6	6	6	6	拙者居
462	1	2	3	3	3	6	6	6	6	6	6	6	6	6	6	6	别雅小筑西厢
463	1	2	3	3	3	6	6	6	6	6	6	6	6	6	6	6	别雅小筑正厅
464	1	2	3	3	3	6	6	6	6	6	6	6	6	6	6	6	春梅雅筑
465	1	2	3	3	3	6	6	6	6	6	6	6	6	6	6	6	春梅雅筑
466	1	2	3	3	3	6	6	6	6	6	6	6	6	6	6	6	春梅雅筑
467	1	2	3	3	3	6	6	6	6	6	6	6	6	6	6	6	春梅雅筑后宅
468	1	2	3	3	3	6	6	6	6	6	6	6	6	6	6	6	春梅雅筑后宅
469	1	2	3	3	3	6	6	6	6	6	6	6	6	6	6	6	馆驿
470	1	2	3	3	3	6	6	6	6	6	6	6	6	6	6	6	馆驿
471	1	2	3	3	3	6	6	6	6	6	6	6	6	6	6	6	下层阵法
472	1	2	3	3	3	6	6	6	6	6	6	6	6	6	6	6	阵法总枢
473	1	2	3	3	3	6	6	6	6	6	6	6	6	6	6	6	玄月大阵
474	1	2	3	3	3	6	6	6	6	6	6	6	6	6	6	6	玄月阵中心
475	1	2	3	3	3	6	6	6	6	6	6	6	6	6	6	6	品荷堂
476	1	1	1	1	1	1	1	1	1	1	1	1	1	1	1	1	蒲察风奴
477	1	1	1	1	1	1	1	1	1	1	1	1	1	1	1	1	藏剑山庄
478	1	2	2	4	2	4	3	7	7	7	7	7	7	7	7	7	知春台
479	1	2	2	4	2	4	3	7	7	7	7	7	7	7	7	7	朱熹府邸
480	1	2	2	4	2	4	3	7	7	7	7	7	7	7	7	7	进宫讲学
481	1	2	2	4	2	4	3	7	7	7	7	7	7	7	7	7	进宫讲学
482	1	2	2	4	2	4	3	7	7	7	7	7	7	7	7	7	进宫讲学
483	1	2	2	4	2	4	3	7	7	7	7	7	7	7	7	7	彭龟年府邸
484	1	2	2	4	2	4	3	7	7	7	7	7	7	7	7	7	彭府后院
485	1	2	2	4	2	4	3	7	7	7	7	7	7	7	7	7	赵府大厅
486	1	2	2	4	2	4	3	7	7	7	7	7	7	7	7	7	临安城
487	1	2	2	4	2	4	3	7	7	7	7	7	7	7	7	7	朱熹府邸
488	1	2	2	4	2	4	3	7	7	7	7	7	7	7	7	7	临安城
489	1	2	2	4	2	4	3	7	7	7	7	7	7	7	7	7	沈府密室 
490	1	2	2	4	2	4	3	7	7	7	7	7	7	7	7	7	临安城
491	1	2	2	4	2	4	3	7	7	7	7	7	7	7	7	7	临安城
492	1	2	2	4	2	4	3	7	7	7	7	7	7	7	7	7	临安城
498	1	1	1	1	1	1	1	7	7	7	7	7	7	7	7	7	侠士名居
499	1	1	2	2	2	2	2	7	7	7	7	7	7	7	7	7	贵族王府
500	1	2	3	3	3	3	3	7	7	7	7	7	7	7	7	7	王侯海滩
501	1	1	1	2	3	3	7	3	3	3	3	3	3	3	3	3	茅屋
502	1	1	1	2	3	3	7	3	3	3	3	3	3	3	3	3	茅屋
503	1	1	1	2	3	3	7	3	3	3	3	3	3	3	3	3	隐所
504	1	1	1	2	3	3	7	3	3	3	3	3	3	3	3	3	丐帮分舵
505	1	1	1	2	3	3	7	3	3	3	3	3	3	3	3	3	丐帮秘道
506	1	1	1	2	3	3	7	3	3	3	3	3	3	3	3	3	龙王庙
507	1	1	1	2	3	3	7	3	3	3	3	3	3	3	3	3	龙王庙
508	1	1	1	2	3	3	7	3	3	3	3	3	3	3	3	3	山洞
509	1	1	1	2	3	3	7	3	3	3	3	3	3	3	3	3	虎师帅帐
510	1	2	3	3	5	5	5	5	5	5	5	5	5	5	5	5	隐者小屋
511	1	2	3	3	5	5	5	5	5	5	5	5	5	5	5	5	飞龙谷
512	1	2	3	3	5	5	5	5	5	5	5	5	5	5	5	5	飞龙阵
513	1	1	1	1	2	2	2	2	2	2	2	2	2	2	2	2	千琼宫
514	1	1	1	1	2	2	2	2	2	2	2	2	2	2	2	2	天外天
515	1	2	2	4	2	4	3	7	7	7	7	7	7	7	7	7	赵府大厅
516	1	2	2	4	2	4	3	7	7	7	7	7	7	7	7	7	韩府大厅
517	1	2	2	4	2	4	3	7	7	7	7	7	7	7	7	7	韩府偏厢
518	1	2	2	4	2	4	3	7	7	7	7	7	7	7	7	7	皇上寝宫
519	1	2	2	4	2	4	3	7	7	7	7	7	7	7	7	7	太后寝宫
520	1	2	2	4	2	4	3	7	7	7	7	7	7	7	7	7	太后寝宫
521	1	2	2	4	2	4	3	7	7	7	7	7	7	7	7	7	太后寝宫
522	1	2	2	4	2	4	3	7	7	7	7	7	7	7	7	7	知春台
523	1	2	2	4	2	4	3	7	7	7	7	7	7	7	7	7	皇宫大殿
524	1	2	2	4	2	4	3	7	7	7	7	7	7	7	7	7	灵隐寺
525	1	1	1	1	2	2	2	2	2	2	2	2	2	2	2	2	忘归赌坊
526	1	1	1	1	2	2	2	2	2	2	2	2	2	2	2	2	鲁兵营帐
527	1	1	1	1	2	2	2	2	2	2	2	2	2	2	2	2	梁项林营帐
528	1	1	1	1	2	2	2	2	2	2	2	2	2	2	2	2	梁项林密室
529	1	1	1	2	3	3	7	3	3	3	3	3	3	3	3	3	伏牛山庄
530	1	2	2	4	2	4	3	7	7	7	7	7	7	7	7	7	黑龙潭
531	1	2	3	3	3	6	6	6	6	6	6	6	6	6	6	6	山寨
532	1	2	3	3	3	6	6	6	6	6	6	6	6	6	6	6	山寨
533	1	2	3	3	3	6	6	6	6	6	6	6	6	6	6	6	唐门别院
534	1	2	3	3	3	6	6	6	6	6	6	6	6	6	6	6	唐门别院
535	1	2	3	3	5	5	5	5	5	5	5	5	5	5	5	5	驿馆
536	1	2	3	3	5	5	5	5	5	5	5	5	5	5	5	5	吴曦别院
537	1	2	3	3	5	5	5	5	5	5	5	5	5	5	5	5	别院会客厅
538	1	2	3	3	5	5	5	5	5	5	5	5	5	5	5	5	别院会客厅
539	1	2	3	3	5	5	5	5	5	5	5	5	5	5	5	5	路边小屋
540	1	2	2	4	2	4	3	7	7	7	7	7	7	7	7	7	囚房
541	1	2	2	4	2	4	3	7	7	7	7	7	7	7	7	7	小屋
542	1	2	2	4	2	4	3	7	7	7	7	7	7	7	7	7	大屋
543	1	1	1	1	2	2	2	2	2	2	2	2	2	2	2	2	旅店
544	1	1	1	1	2	2	2	2	2	2	2	2	2	2	2	2	一品堂兵营
545	1	2	3	3	5	5	5	5	5	5	5	5	5	5	5	5	硝石谷
546	1	1	1	2	3	3	7	3	3	3	3	3	3	3	3	3	聚义楼
547	1	1	1	2	3	3	7	3	3	3	3	3	3	3	3	3	阁楼
548	1	1	2	2	4	4	4	4	4	4	4	4	4	4	4	4	蟒蛇洞
549	1	1	2	2	4	4	4	4	4	4	4	4	4	4	4	4	峡谷
550	1	1	2	2	4	4	4	4	4	4	4	4	4	4	4	4	峡谷
551	1	1	2	2	4	4	4	4	4	4	4	4	4	4	4	4	峡谷
552	1	1	2	2	4	4	4	4	4	4	4	4	4	4	4	4	峡谷
553	1	1	2	2	4	4	4	4	4	4	4	4	4	4	4	4	太祖宝库
554	1	2	3	3	3	6	6	6	6	6	6	6	6	6	6	6	大日罗居所
555	1	2	3	3	3	6	6	6	6	6	6	6	6	6	6	6	上仙庄
556	1	1	2	2	4	4	4	4	4	4	4	4	4	4	4	4	伏牛山军营1
558	1	1	1	1	1	1	1	1	1	1	1	1	1	1	1	1	伏牛山军营2
559	1	2	2	4	2	5	3	7	7	7	7	7	7	7	7	7	伏牛山军营3
561	1	1	1	1	1	1	1										望龙山
562	1	1	1	1	1	1	1										荒屋
563	1	1	1	1	1	1	1										王府密室
564	1	2	2	4	2	4	3	7	7	7	7	7	7	7	7	7	皇宫御书房
565	1	2	2	4	2	4	3	7	7	7	7	7	7	7	7	7	韩皇后寝宫
566	1	2	2	4	2	4	3	7	7	7	7	7	7	7	7	7	玉暖阁
567	1	2	2	4	2	4	3	7	7	7	7	7	7	7	7	7	金悦轩
568	1	2	2	4	2	4	3	7	7	7	7	7	7	7	7	7	皇宫大殿
569	1	1	1	1	1	1	1	1	1	1	1	1	1	1	1	1	灵壁泊
570	1	1	1	1	1	1	1	1	1	1	1	1	1	1	1	1	白府梦境
571	1	1	1	1	1	1	1	1	1	1	1	1	1	1	1	1	山寨梦境
572	1	1	1	1	1	1	1	1	1	1	1	1	1	1	1	1	身世梦境
573	1	1	1	1	1	1	1	1	1	1	1	1	1	1	1	1	金军秘营
574	1	1	1	1	1	1	1	1	1	1	1	1	1	1	1	1	游龙宝库
575	1	2	3	4	4	4	4	7	7	7	7	7	7	7	7	7	王侯海滩
576	1	1	1	1	1	1	1	1	1	1	1	1	1	1	1	1	侠侣闯天下准备场
577	1	1	1	1	2	2	2	2	2	2	2	2	2	2	2	2	侠侣闯天下准备场
578	1	1	1	2	3	3	7	3	3	3	3	3	3	3	3	3	侠侣闯天下准备场
579	1	1	2	2	4	4	4	4	4	4	4	4	4	4	4	4	侠侣闯天下准备场
580	1	2	3	3	5	5	5	5	5	5	5	5	5	5	5	5	侠侣闯天下准备场
581	1	2	3	3	3	6	6	6	6	6	6	6	6	6	6	6	侠侣闯天下准备场
582	1	2	2	4	2	4	3	7	7	7	7	7	7	7	7	7	侠侣闯天下准备场
583	1	2	3	3	5	5	5	5	5	5	5	5	5	5	5	5	前沿哨岗（1）
584	1	2	3	3	3	6	6	6	6	6	6	6	6	6	6	6	前沿哨岗（2）
585	1	1	1	2	3	3	7	3	3	3	3	3	3	3	3	3	前沿哨岗（3）
800	1	2	2	4	2	4	3	7	7	7	7	7	7	7	7	7	长歌门侧房
801	1	2	2	4	2	4	3	7	7	7	7	7	7	7	7	7	长歌门侧房
802	1	2	2	4	2	4	3	7	7	7	7	7	7	7	7	7	武夷山精舍
803	1	2	2	4	2	4	3	7	7	7	7	7	7	7	7	7	武夷山精舍
804	1	2	2	4	2	4	3	7	7	7	7	7	7	7	7	7	武夷山精舍
805	1	2	2	4	2	4	3	7	7	7	7	7	7	7	7	7	朱熹府邸
806	1	2	2	4	2	4	3	7	7	7	7	7	7	7	7	7	朱熹密室
807	1	2	2	4	2	4	3	7	7	7	7	7	7	7	7	7	朱熹密室
808	1	2	2	4	2	4	3	7	7	7	7	7	7	7	7	7	武夷山精舍后院
809	1	2	2	4	2	4	3	7	7	7	7	7	7	7	7	7	韩府大厅
810	1	2	2	4	2	4	3	7	7	7	7	7	7	7	7	7	长歌门侧房
811	1	2	2	4	2	4	3	7	7	7	7	7	7	7	7	7	临安城
812	1	2	2	4	2	4	3	7	7	7	7	7	7	7	7	7	完颜光囚室
813	1	2	2	4	2	4	3	7	7	7	7	7	7	7	7	7	陈季常房间
814	1	2	2	4	5	5	7	8	8	8	8	8	8	8	8	8	落女洞
815	1	1	2	2	4	4	4	4	4	4	4	4	4	4	4	4	伏牛山庄内部
816	1	2	3	3	3	6	6	6	6	6	6	6	6	6	6	6	百蛊阵1层
817	1	2	3	3	3	6	6	6	6	6	6	6	6	6	6	6	百蛊阵2层
818	1	2	3	3	3	6	6	6	6	6	6	6	6	6	6	6	仙灵洞
819	1	2	3	3	3	6	6	6	6	6	6	6	6	6	6	6	大理皇宫
820	1	2	3	3	3	6	6	6	6	6	6	6	6	6	6	6	皇宫后院
821	1	2	3	3	5	2	5	5	5	5	5	5	5	5	5	5	白虎堂大殿(高级)
822	1	2	3	3	5	2	5	5	5	5	5	5	5	5	5	5	白虎堂一层_东(高级)
823	1	2	3	3	5	2	5	5	5	5	5	5	5	5	5	5	白虎堂一层_南(高级)
824	1	2	3	3	5	2	5	5	5	5	5	5	5	5	5	5	白虎堂一层_西(高级)
825	1	2	3	3	5	2	5	5	5	5	5	5	5	5	5	5	白虎堂一层_北(高级)
826	1	2	3	3	5	2	5	5	5	5	5	5	5	5	5	5	白虎堂二层_阴(高级)
827	1	2	3	3	5	2	5	5	5	5	5	5	5	5	5	5	白虎堂二层_阳(高级)
828	1	2	3	3	5	2	5	5	5	5	5	5	5	5	5	5	白虎堂三层(高级)
1497	1	1	1	1	1	1	1	1	1	1	1	1	1	1	1	1	桃源入口（1）
1498	1	1	1	1	2	2	2	2	2	2	2	2	2	2	2	2	桃源入口（2）
1499	1	1	1	2	3	3	7	3	3	3	3	3	3	3	3	3	桃源入口（3）
1500	1	1	2	2	4	4	4	4	4	4	4	4	4	4	4	4	桃源入口（4）
1501	1	2	3	3	5	5	5	5	5	5	5	5	5	5	5	5	桃源入口（5）
1502	1	2	3	3	3	6	6	6	6	6	6	6	6	6	6	6	桃源入口（6）
1503	1	2	2	4	2	4	3	7	7	7	7	7	7	7	7	7	桃源入口（7）
1504	1	2	3	3	5	5	5	5	5	5	5	5	5	5	5	5	晏若雪家的院子（1）
1505	1	2	3	3	3	6	6	6	6	6	6	6	6	6	6	6	晏若雪家的院子（2）
1506	1	1	1	2	3	3	7	3	3	3	3	3	3	3	3	3	晏若雪家的院子（3）
1507	1	1	1	1	1	1	1	1	1	1	1	1	1	1	1	1	飞絮崖
1532	1	1	2	2	4	4	4	4	4	4	4	4	4	4	4	4	寂寞划水寨（1）
1533	1	2	3	3	5	5	5	5	5	5	5	5	5	5	5	5	寂寞划水寨（2）
1534	1	2	3	3	3	6	6	6	6	6	6	6	6	6	6	6	寂寞划水寨（3）
1536	1	1	1	1	2	2	2	2	2	2	2	2	2	2	2	2	秦始皇陵一层
1537	1	1	1	1	2	2	2	2	2	2	2	2	2	2	2	2	秦始皇陵二层
1538	1	1	1	2	3	3	7	3	3	3	3	3	3	3	3	3	秦始皇陵三层
1539	1	1	1	2	3	3	7	3	3	3	3	3	3	3	3	3	秦始皇陵四层
1540	1	1	1	2	3	3	7	3	3	3	3	3	3	3	3	3	秦始皇陵五层
1541	1	2	2	4	2	4	3	7	7	7	7	7	7	7	7	7	临安府-圣朝阁
1542	1	1	1	1	1	1	1	1	1	1	1	1	1	1	1	1	逍遥谷
1543	1	1	1	1	2	2	2	2	2	2	2	2	2	2	2	2	逍遥谷
1544	1	1	1	2	3	3	7	3	3	3	3	3	3	3	3	3	逍遥谷
1545	1	1	2	2	4	4	4	4	4	4	4	4	4	4	4	4	逍遥谷
1546	1	2	3	3	5	5	5	5	5	5	5	5	5	5	5	5	逍遥谷
1547	1	2	3	3	3	6	6	6	6	6	6	6	6	6	6	6	逍遥谷
1548	1	2	2	4	2	4	3	7	7	7	7	7	7	7	7	7	逍遥谷
1635	1	1	1	1	4	4	4	4	4	4	4	4	4	4	4	4	嘉峪关之战扬州一
1636	1	1	1	1	1	2	1	1	1	1	1	1	1	1	1	1	嘉峪关之战扬州二
1637	1	2	3	3	5	5	5	5	5	5	5	5	5	5	5	5	嘉峪关之战扬州三
1638	1	2	2	2	2	1	2	2	2	2	2	2	2	2	2	2	嘉峪关之战凤翔一
1639	1	2	2	4	2	5	3	7	7	7	7	7	7	7	7	7	嘉峪关之战凤翔二
1640	1	2	3	3	3	6	6	6	6	6	6	6	6	6	6	6	嘉峪关之战凤翔三
1641	1	2	2	4	5	5	7	8	8	8	8	8	8	8	8	8	嘉峪关之战襄阳一
1642	1	2	2	4	5	5	7	8	8	8	8	8	8	8	8	8	嘉峪关之战襄阳二
1643	1	1	1	1	1	1	1	1	1	1	1	1	1	1	1	1	嘉峪关之战襄阳三
1665	1	1	1	1	1	1	1	1	1	1	1	1	1	1	1	1	游龙密室（1）
1666	1	1	1	1	1	1	1	1	1	1	1	1	1	1	1	1	游龙密室（2）
1667	1	1	1	1	1	1	1	1	1	1	1	1	1	1	1	1	游龙密室（3）
1668	1	1	1	1	1	1	1	1	1	1	1	1	1	1	1	1	游龙密室（4）
1669	1	2	2	2	2	2	2	2	2	2	2	2	2	2	2	2	游龙密室（5）
1670	1	2	2	2	2	2	2	2	2	2	2	2	2	2	2	2	游龙密室（6）
1671	1	2	2	2	2	2	2	2	2	2	2	2	2	2	2	2	游龙密室（7）
1672	1	2	2	2	2	2	2	2	2	2	2	2	2	2	2	2	游龙密室（8）
1673	1	2	3	3	3	3	3	3	3	3	3	3	3	3	3	3	游龙密室（9）
1674	1	2	3	3	3	3	3	3	3	3	3	3	3	3	3	3	游龙密室（10）
1675	1	2	3	3	3	3	3	3	3	3	3	3	3	3	3	3	游龙密室（11）
1676	1	2	3	3	3	3	3	3	3	3	3	3	3	3	3	3	游龙密室（12）
1677	1	2	3	4	4	4	4	4	4	4	4	4	4	4	4	4	游龙密室（13）
1678	1	2	3	4	4	4	4	4	4	4	4	4	4	4	4	4	游龙密室（14）
1679	1	2	3	4	4	4	4	4	4	4	4	4	4	4	4	4	游龙密室（15）
1680	1	2	3	4	4	4	4	4	4	4	4	4	4	4	4	4	游龙密室（16）
1681	1	2	3	4	5	5	5	5	5	5	5	5	5	5	5	5	游龙密室（17）
1682	1	2	3	4	5	5	5	5	5	5	5	5	5	5	5	5	游龙密室（18）
1683	1	2	3	4	5	5	5	5	5	5	5	5	5	5	5	5	游龙密室（19）
1684	1	2	3	4	5	5	5	5	5	5	5	5	5	5	5	5	游龙密室（20）
1685	1	2	3	4	5	6	6	6	6	6	6	6	6	6	6	6	游龙密室（21）
1686	1	2	3	4	5	6	6	6	6	6	6	6	6	6	6	6	游龙密室（22）
1687	1	2	3	4	5	6	6	6	6	6	6	6	6	6	6	6	游龙密室（23）
1688	1	2	3	4	5	6	6	6	6	6	6	6	6	6	6	6	游龙密室（24）
1689	1	2	3	4	5	6	7	7	7	7	7	7	7	7	7	7	游龙密室（25）
1690	1	2	3	4	5	6	7	7	7	7	7	7	7	7	7	7	游龙密室（26）
1691	1	2	3	4	5	6	7	7	7	7	7	7	7	7	7	7	游龙密室（27）
1692	1	2	3	4	5	6	7	7	7	7	7	7	7	7	7	7	游龙密室（28）

